*3DSMAX_ASCIIEXPORT	110
*COMMENT "[ GothicSourcer v3.16 ] - June 2007/March 2020"
*SCENE {
	*SCENE_FILENAME "SNOWOL_BODY.MAX"
	*SCENE_FIRSTFRAME 0
	*SCENE_LASTFRAME 100
	*SCENE_FRAMESPEED 25
	*SCENE_TICKSPERFRAME 192
	*SCENE_BACKGROUND_STATIC 0	0	0
	*SCENE_AMBIENT_STATIC 0.2	0.2	0.2
}
*MATERIAL_LIST {
	*MATERIAL_COUNT 1
	*MATERIAL 0 {
		*MATERIAL_NAME "SNOWOLF_BODY"
		*MATERIAL_CLASS "Standard"
		*MATERIAL_AMBIENT 0.745098	0.756863	0.760784
		*MATERIAL_DIFFUSE 0.745098	0.756863	0.760784
		*MATERIAL_SPECULAR 0.9	0.9	0.9
		*MATERIAL_SHINE 0.1
		*MATERIAL_SHINESTRENGTH 0
		*MATERIAL_TRANSPARENCY 0
		*MATERIAL_WIRESIZE 1
		*MATERIAL_SHADING Blinn
		*MATERIAL_XP_FALLOFF 0
		*MATERIAL_SELFILLUM 0
		*MATERIAL_FALLOFF In
		*MATERIAL_XP_TYPE Filter
		*MAP_DIFFUSE {
			*MAP_NAME "Map #1"
			*MAP_CLASS "Bitmap"
			*MAP_SUBNO 1
			*MAP_AMOUNT 1
			*BITMAP "SNOWOL_BODY_V0.TGA"
			*MAP_TYPE Screen
			*UVW_U_OFFSET 0
			*UVW_V_OFFSET 0
			*UVW_U_TILING 1
			*UVW_V_TILING 1
			*UVW_ANGLE 0
			*UVW_BLUR 1
			*UVW_BLUR_OFFSET 0
			*UVW_NOUSE_AMT 1
			*UVW_NOISE_SIZE 1
			*UVW_NOISE_LEVEL 1
			*UVW_NOISE_PHASE 0
			*BITMAP_FILTER Pyramidal
		}
	}
}
*HELPEROBJECT {
	*NODE_NAME "Bip01"
	*NODE_TM {
		*NODE_NAME "Bip01"
		*TM_ROW0 6.27438e-006	-1	0
		*TM_ROW1 1	6.27438e-006	0
		*TM_ROW2 -0	-0	1
		*TM_ROW3 0	0	78.493
		*TM_POS 0	0	78.493
		*TM_ROTAXIS 0	0	1
		*TM_ROTANGLE 1.57079
		*TM_SCALE 1	1	1
		*TM_SCALEAXIS 0	0	0
		*TM_SCALEAXISANG 0	0	0
	}
}
*HELPEROBJECT {
	*NODE_NAME "Bip01 Pelvis"
	*NODE_PARENT "Bip01"
	*NODE_TM {
		*NODE_NAME "Bip01 Pelvis"
		*TM_ROW0 -5.96014e-008	1.79264e-006	1
		*TM_ROW1 -1.79264e-006	-1	1.79264e-006
		*TM_ROW2 1	-1.79264e-006	-5.96014e-008
		*TM_ROW3 1.8161e-015	-0.04048	78.493
		*TM_POS 1.8161e-015	-0.04048	78.493
		*TM_ROTAXIS 0.707107	0	0.707107
		*TM_ROTANGLE 3.1416
		*TM_SCALE 1	1	1
		*TM_SCALEAXIS 0	0	0
		*TM_SCALEAXISANG 0	0	0
	}
}
*HELPEROBJECT {
	*NODE_NAME "Bip01 Spine"
	*NODE_PARENT "Bip01 Pelvis"
	*NODE_TM {
		*NODE_NAME "Bip01 Spine"
		*TM_ROW0 -4.09649e-006	-0.999418	0.0341053
		*TM_ROW1 -4.32134e-006	-0.0341052	-0.999418
		*TM_ROW2 1	-4.32134e-006	-4.09649e-006
		*TM_ROW3 -1e-005	-6.61957	81.0226
		*TM_POS -1e-005	-6.61957	81.0226
		*TM_ROTAXIS 0.583803	-0.564223	0.583803
		*TM_ROTANGLE 2.11421
		*TM_SCALE 1	1	1
		*TM_SCALEAXIS 0	0	0
		*TM_SCALEAXISANG 0	0	0
	}
}
*HELPEROBJECT {
	*NODE_NAME "Bip01 Spine1"
	*NODE_PARENT "Bip01 Spine"
	*NODE_TM {
		*NODE_NAME "Bip01 Spine1"
		*TM_ROW0 -4.09649e-006	-0.999418	0.0341053
		*TM_ROW1 -4.32134e-006	-0.0341052	-0.999418
		*TM_ROW2 1	-4.32134e-006	-4.09649e-006
		*TM_ROW3 1e-005	-22.6755	81.589
		*TM_POS 1e-005	-22.6755	81.589
		*TM_ROTAXIS -0.583803	0.564223	-0.583803
		*TM_ROTANGLE 4.16898
		*TM_SCALE 1	1	1
		*TM_SCALEAXIS 0	0	0
		*TM_SCALEAXISANG 0	0	0
	}
}
*HELPEROBJECT {
	*NODE_NAME "Bip01 Spine2"
	*NODE_PARENT "Bip01 Spine1"
	*NODE_TM {
		*NODE_NAME "Bip01 Spine2"
		*TM_ROW0 2.16362e-006	-0.978311	0.20714
		*TM_ROW1 2.47359e-006	-0.20714	-0.978312
		*TM_ROW2 1	2.47359e-006	2.16362e-006
		*TM_ROW3 5e-005	-45.794	82.3916
		*TM_POS 5e-005	-45.794	82.3916
		*TM_ROTAXIS -0.613508	0.497208	-0.613508
		*TM_ROTANGLE 4.06442
		*TM_SCALE 1	1	1
		*TM_SCALEAXIS 0	0	0
		*TM_SCALEAXISANG 0	0	0
	}
}
*HELPEROBJECT {
	*NODE_NAME "Bip01 Neck"
	*NODE_PARENT "Bip01 Spine2"
	*NODE_TM {
		*NODE_NAME "Bip01 Neck"
		*TM_ROW0 3.93523e-006	-0.908038	-0.418888
		*TM_ROW1 2.44379e-006	0.418888	-0.908038
		*TM_ROW2 1	2.44379e-006	3.93523e-006
		*TM_ROW3 7e-005	-62.9324	86.0328
		*TM_POS 7e-005	-62.9324	86.0328
		*TM_ROTAXIS 0.47449	-0.74143	0.47449
		*TM_ROTANGLE 1.8656
		*TM_SCALE 1	1	1
		*TM_SCALEAXIS 0	0	0
		*TM_SCALEAXISANG 0	0	0
	}
}
*HELPEROBJECT {
	*NODE_NAME "Bip01 Neck1"
	*NODE_PARENT "Bip01 Neck"
	*NODE_TM {
		*NODE_NAME "Bip01 Neck1"
		*TM_ROW0 -2.45713e-006	-0.895062	-0.445941
		*TM_ROW1 -1.60933e-006	0.445941	-0.895063
		*TM_ROW2 1	-1.60933e-006	-2.45713e-006
		*TM_ROW3 9e-005	-80.4563	77.9601
		*TM_POS 9e-005	-80.4563	77.9601
		*TM_ROTAXIS 0.46576	-0.75242	0.46576
		*TM_ROTANGLE 1.8515
		*TM_SCALE 1	1	1
		*TM_SCALEAXIS 0	0	0
		*TM_SCALEAXISANG 0	0	0
	}
}
*HELPEROBJECT {
	*NODE_NAME "Bip01 Neck2"
	*NODE_PARENT "Bip01 Neck1"
	*NODE_TM {
		*NODE_NAME "Bip01 Neck2"
		*TM_ROW0 -8.8062e-007	-0.881284	-0.472587
		*TM_ROW1 -5.66244e-007	0.472587	-0.881284
		*TM_ROW2 1	-5.66245e-007	-8.80619e-007
		*TM_ROW3 0.00011	-91.9042	72.2645
		*TM_POS 0.00011	-91.9042	72.2645
		*TM_ROTAXIS 0.456812	-0.763313	0.456812
		*TM_ROTANGLE 1.83766
		*TM_SCALE 1	1	1
		*TM_SCALEAXIS 0	0	0
		*TM_SCALEAXISANG 0	0	0
	}
}
*HELPEROBJECT {
	*NODE_NAME "Bip01 Head"
	*NODE_PARENT "Bip01 Neck2"
	*NODE_TM {
		*NODE_NAME "Bip01 Head"
		*TM_ROW0 -4.01673e-007	-0.984809	-0.17364
		*TM_ROW1 -4.47035e-007	0.17364	-0.984809
		*TM_ROW2 1	-4.47036e-007	-4.01672e-007
		*TM_ROW3 0.00012	-99.9027	67.9753
		*TM_POS 0.00012	-99.9027	67.9753
		*TM_ROTAXIS 0.540718	-0.644398	0.540718
		*TM_ROTANGLE 1.99674
		*TM_SCALE 1	1	1
		*TM_SCALEAXIS 0	0	0
		*TM_SCALEAXISANG 0	0	0
	}
}
*HELPEROBJECT {
	*NODE_NAME "Bip01 Ponytail1"
	*NODE_PARENT "Bip01 Head"
	*NODE_TM {
		*NODE_NAME "Bip01 Ponytail1"
		*TM_ROW0 4.51279e-006	-0.923997	-0.382399
		*TM_ROW1 3.0458e-005	0.382399	-0.923997
		*TM_ROW2 1	-7.56979e-006	2.99342e-005
		*TM_ROW3 0.00013	-102.845	58.2558
		*TM_POS 0.00013	-102.845	58.2558
		*TM_ROTAXIS 0.485731	-0.726712	0.485751
		*TM_ROTANGLE 1.88471
		*TM_SCALE 1	1	1
		*TM_SCALEAXIS 0	0	0
		*TM_SCALEAXISANG 0	0	0
	}
}
*HELPEROBJECT {
	*NODE_NAME "Bip01 L Clavicle"
	*NODE_PARENT "Bip01 Neck"
	*NODE_TM {
		*NODE_NAME "Bip01 L Clavicle"
		*TM_ROW0 0.978556	0.0741647	-0.192166
		*TM_ROW1 0.17365	0.204754	0.963287
		*TM_ROW2 0.110789	-0.976	0.187485
		*TM_ROW3 10.3833	-65.4927	78.4943
		*TM_POS 10.3833	-65.4927	78.4943
		*TM_ROTAXIS -0.98675	-0.15415	0.05062
		*TM_ROTANGLE 1.38432
		*TM_SCALE 1	1	1
		*TM_SCALEAXIS 0	0	0
		*TM_SCALEAXISANG 0	0	0
	}
}
*HELPEROBJECT {
	*NODE_NAME "Bip01 L UpperArm"
	*NODE_PARENT "Bip01 L Clavicle"
	*NODE_TM {
		*NODE_NAME "Bip01 L UpperArm"
		*TM_ROW0 -0.0391875	0.187527	-0.981478
		*TM_ROW1 -0.0150734	0.982009	0.188231
		*TM_ROW2 0.999118	0.0221705	-0.0356558
		*TM_ROW3 25.0882	-64.3782	75.6067
		*TM_POS 25.0882	-64.3782	75.6067
		*TM_ROTAXIS -0.0831197	-0.991366	-0.10141
		*TM_ROTANGLE 1.61723
		*TM_SCALE 1	1	1
		*TM_SCALEAXIS 0	0	0
		*TM_SCALEAXISANG 0	0	0
	}
}
*HELPEROBJECT {
	*NODE_NAME "Bip01 L Forearm"
	*NODE_PARENT "Bip01 L UpperArm"
	*NODE_TM {
		*NODE_NAME "Bip01 L Forearm"
		*TM_ROW0 -0.0270058	-0.31088	-0.950066
		*TM_ROW1 -0.0321424	0.950191	-0.310007
		*TM_ROW2 0.999118	0.0221654	-0.0356531
		*TM_ROW3 24.1399	-59.8395	51.8523
		*TM_POS 24.1399	-59.8395	51.8523
		*TM_ROTAXIS 0.166349	-0.976137	0.139589
		*TM_ROTANGLE 1.62706
		*TM_SCALE 1	1	1
		*TM_SCALEAXIS 0	0	0
		*TM_SCALEAXISANG 0	0	0
	}
}
*HELPEROBJECT {
	*NODE_NAME "Bip01 L Hand"
	*NODE_PARENT "Bip01 L Forearm"
	*NODE_TM {
		*NODE_NAME "Bip01 L Hand"
		*TM_ROW0 0.0134346	-0.382314	-0.923935
		*TM_ROW1 -0.999657	-0.0259267	-0.00380722
		*TM_ROW2 -0.0224992	0.923669	-0.382531
		*TM_ROW3 23.12	-71.5813	15.9691
		*TM_POS 23.12	-71.5813	15.9691
		*TM_ROTAXIS 0.64716	-0.62899	-0.43076
		*TM_ROTANGLE 2.34272
		*TM_SCALE 1	1	1
		*TM_SCALEAXIS 0	0	0
		*TM_SCALEAXISANG 0	0	0
	}
}
*HELPEROBJECT {
	*NODE_NAME "Bip01 L Finger0"
	*NODE_PARENT "Bip01 L Hand"
	*NODE_TM {
		*NODE_NAME "Bip01 L Finger0"
		*TM_ROW0 0.0268706	-0.995019	-0.0959982
		*TM_ROW1 -0.999639	-0.0266573	-0.003501
		*TM_ROW2 0.000924519	0.0960575	-0.995376
		*TM_ROW3 23.2422	-74.4861	6.68773
		*TM_POS 23.2422	-74.4861	6.68773
		*TM_ROTAXIS 0.716133	-0.697173	-0.0332301
		*TM_ROTANGLE 3.07203
		*TM_SCALE 1	1	1
		*TM_SCALEAXIS 0	0	0
		*TM_SCALEAXISANG 0	0	0
	}
}
*HELPEROBJECT {
	*NODE_NAME "Bip01 R Clavicle"
	*NODE_PARENT "Bip01 Neck"
	*NODE_TM {
		*NODE_NAME "Bip01 R Clavicle"
		*TM_ROW0 -0.978557	0.0741685	-0.192159
		*TM_ROW1 -0.173643	0.204744	0.96329
		*TM_ROW2 0.110789	0.976002	-0.187475
		*TM_ROW3 -10.3831	-65.4927	78.4943
		*TM_POS -10.3831	-65.4927	78.4943
		*TM_ROTAXIS -0.03246	0.773619	0.632819
		*TM_ROTANGLE 3.33867
		*TM_SCALE 1	1	1
		*TM_SCALEAXIS 0	0	0
		*TM_SCALEAXISANG 0	0	0
	}
}
*HELPEROBJECT {
	*NODE_NAME "Bip01 R UpperArm"
	*NODE_PARENT "Bip01 R Clavicle"
	*NODE_TM {
		*NODE_NAME "Bip01 R UpperArm"
		*TM_ROW0 0.0663164	0.190687	-0.979409
		*TM_ROW1 0.0216154	0.981064	0.192473
		*TM_ROW2 0.997564	-0.0339344	0.0609389
		*TM_ROW3 -25.0881	-64.3783	75.6067
		*TM_POS -25.0881	-64.3783	75.6067
		*TM_ROTAXIS -0.11337	-0.989939	-0.08466
		*TM_ROTANGLE 1.51661
		*TM_SCALE 1	1	1
		*TM_SCALEAXIS 0	0	0
		*TM_SCALEAXISANG 0	0	0
	}
}
*HELPEROBJECT {
	*NODE_NAME "Bip01 R Forearm"
	*NODE_PARENT "Bip01 R UpperArm"
	*NODE_TM {
		*NODE_NAME "Bip01 R Forearm"
		*TM_ROW0 0.0435766	-0.379004	-0.924369
		*TM_ROW1 0.0544693	0.924773	-0.376602
		*TM_ROW2 0.997564	-0.0339387	0.0609426
		*TM_ROW3 -23.4829	-59.7631	51.9024
		*TM_POS -23.4829	-59.7631	51.9024
		*TM_ROTAXIS 0.17135	-0.961069	0.21676
		*TM_ROTANGLE 1.55615
		*TM_SCALE 1	1	1
		*TM_SCALEAXIS 0	0	0
		*TM_SCALEAXISANG 0	0	0
	}
}
*HELPEROBJECT {
	*NODE_NAME "Bip01 R Hand"
	*NODE_PARENT "Bip01 R Forearm"
	*NODE_TM {
		*NODE_NAME "Bip01 R Hand"
		*TM_ROW0 -0.00466661	-0.333313	-0.942805
		*TM_ROW1 0.999569	-0.0288674	0.00525808
		*TM_ROW2 -0.0289689	-0.942374	0.333304
		*TM_ROW3 -21.837	-74.0777	16.9896
		*TM_POS -21.837	-74.0777	16.9896
		*TM_ROTAXIS -0.505832	-0.487792	0.711473
		*TM_ROTANGLE 1.92849
		*TM_SCALE 1	1	1
		*TM_SCALEAXIS 0	0	0
		*TM_SCALEAXISANG 0	0	0
	}
}
*HELPEROBJECT {
	*NODE_NAME "Bip01 R Finger0"
	*NODE_PARENT "Bip01 R Hand"
	*NODE_TM {
		*NODE_NAME "Bip01 R Finger0"
		*TM_ROW0 -0.0284733	-0.988527	-0.14834
		*TM_ROW1 0.999546	-0.029621	0.00553267
		*TM_ROW2 -0.00986316	-0.148116	0.988921
		*TM_ROW3 -21.8686	-76.4915	7.56792
		*TM_POS -21.8686	-76.4915	7.56792
		*TM_ROTAXIS -0.0768701	-0.0692801	0.994631
		*TM_ROTANGLE 1.60539
		*TM_SCALE 1	1	1
		*TM_SCALEAXIS 0	0	0
		*TM_SCALEAXISANG 0	0	0
	}
}
*HELPEROBJECT {
	*NODE_NAME "Bip01 L Thigh"
	*NODE_PARENT "Bip01 Spine"
	*NODE_TM {
		*NODE_NAME "Bip01 L Thigh"
		*TM_ROW0 0.0444618	0.135232	-0.989816
		*TM_ROW1 -0.0219088	-0.990425	-0.1363
		*TM_ROW2 -0.998771	0.0277458	-0.0410732
		*TM_ROW3 14.4607	-0.0404593	78.493
		*TM_POS 14.4607	-0.0404593	78.493
		*TM_ROTAXIS 0.72158	0.03939	-0.69121
		*TM_ROTANGLE 3.02768
		*TM_SCALE 1	1	1
		*TM_SCALEAXIS 0	0	0
		*TM_SCALEAXISANG 0	0	0
	}
}
*HELPEROBJECT {
	*NODE_NAME "Bip01 L Calf"
	*NODE_PARENT "Bip01 L Thigh"
	*NODE_TM {
		*NODE_NAME "Bip01 L Calf"
		*TM_ROW0 0.0457426	0.834891	-0.548512
		*TM_ROW1 0.0190672	-0.549716	-0.835134
		*TM_ROW2 -0.998771	0.0277426	-0.0410643
		*TM_ROW3 15.8543	4.19939	47.4608
		*TM_POS 15.8543	4.19939	47.4608
		*TM_ROTAXIS 0.679439	0.35454	-0.642389
		*TM_ROTANGLE 2.4536
		*TM_SCALE 1	1	1
		*TM_SCALEAXIS 0	0	0
		*TM_SCALEAXISANG 0	0	0
	}
}
*HELPEROBJECT {
	*NODE_NAME "Bip01 L HorseLink"
	*NODE_PARENT "Bip01 L Calf"
	*NODE_TM {
		*NODE_NAME "Bip01 L HorseLink"
		*TM_ROW0 0.0456782	0.193508	-0.980035
		*TM_ROW1 -0.0192442	-0.980706	-0.194538
		*TM_ROW2 -0.998771	0.0277461	-0.0410728
		*TM_ROW3 17.1624	28.0749	31.7748
		*TM_POS 17.1624	28.0749	31.7748
		*TM_ROTAXIS 0.72109	0.06078	-0.69017
		*TM_ROTANGLE 2.98685
		*TM_SCALE 1	1	1
		*TM_SCALEAXIS 0	0	0
		*TM_SCALEAXISANG 0	0	0
	}
}
*HELPEROBJECT {
	*NODE_NAME "Bip01 L Foot"
	*NODE_PARENT "Bip01 L HorseLink"
	*NODE_TM {
		*NODE_NAME "Bip01 L Foot"
		*TM_ROW0 -5.11198e-008	1.87446e-006	-1
		*TM_ROW1 -1.79374e-006	-1	-1.8237e-006
		*TM_ROW2 -1	1.79764e-006	-6.44133e-008
		*TM_ROW3 18.1877	32.4193	9.77189
		*TM_POS 18.1877	32.4193	9.77189
		*TM_ROTAXIS 0.707107	2.85392e-008	-0.707107
		*TM_ROTANGLE 3.14159
		*TM_SCALE 1	1	1
		*TM_SCALEAXIS 0	0	0
		*TM_SCALEAXISANG 0	0	0
	}
}
*HELPEROBJECT {
	*NODE_NAME "Bip01 L Toe0"
	*NODE_PARENT "Bip01 L Foot"
	*NODE_TM {
		*NODE_NAME "Bip01 L Toe0"
		*TM_ROW0 3.09022e-006	-1	2.91937e-006
		*TM_ROW1 2.94195e-006	3.00949e-006	1
		*TM_ROW2 -1	-2.94544e-006	3.0865e-006
		*TM_ROW3 18.1877	15.1063	0.377825
		*TM_POS 18.1877	15.1063	0.377825
		*TM_ROTAXIS -0.57735	0.57735	0.57735
		*TM_ROTANGLE 2.09439
		*TM_SCALE 1	1	1
		*TM_SCALEAXIS 0	0	0
		*TM_SCALEAXISANG 0	0	0
	}
}
*HELPEROBJECT {
	*NODE_NAME "Bip01 R Thigh"
	*NODE_PARENT "Bip01 Spine"
	*NODE_TM {
		*NODE_NAME "Bip01 R Thigh"
		*TM_ROW0 -0.0647877	0.251345	-0.965727
		*TM_ROW1 0.0162307	-0.967367	-0.252861
		*TM_ROW2 -0.997767	-0.0320566	0.058594
		*TM_ROW3 -14.4607	-0.0404996	78.493
		*TM_POS -14.4607	-0.0404996	78.493
		*TM_ROTAXIS 0.681222	0.0988503	-0.725372
		*TM_ROTANGLE 2.97881
		*TM_SCALE 1	1	1
		*TM_SCALEAXIS 0	0	0
		*TM_SCALEAXISANG 0	0	0
	}
}
*HELPEROBJECT {
	*NODE_NAME "Bip01 R Calf"
	*NODE_PARENT "Bip01 R Thigh"
	*NODE_TM {
		*NODE_NAME "Bip01 R Calf"
		*TM_ROW0 -0.0606076	0.803113	-0.592737
		*TM_ROW1 -0.0280552	-0.594964	-0.803263
		*TM_ROW2 -0.997768	-0.0320545	0.058591
		*TM_ROW3 -16.492	7.83973	48.2161
		*TM_POS -16.492	7.83973	48.2161
		*TM_ROTAXIS 0.64053	0.3364	-0.69033
		*TM_ROTANGLE 2.49558
		*TM_SCALE 1	1	1
		*TM_SCALEAXIS 0	0	0
		*TM_SCALEAXISANG 0	0	0
	}
}
*HELPEROBJECT {
	*NODE_NAME "Bip01 R HorseLink"
	*NODE_PARENT "Bip01 R Calf"
	*NODE_TM {
		*NODE_NAME "Bip01 R HorseLink"
		*TM_ROW0 -0.0636918	0.192962	-0.979137
		*TM_ROW1 0.0200862	-0.980682	-0.194574
		*TM_ROW2 -0.997768	-0.0320599	0.0585856
		*TM_ROW3 -18.2254	30.8065	31.2654
		*TM_POS -18.2254	30.8065	31.2654
		*TM_ROTAXIS 0.682831	0.0782801	-0.726371
		*TM_ROTANGLE 3.02231
		*TM_SCALE 1	1	1
		*TM_SCALEAXIS 0	0	0
		*TM_SCALEAXISANG 0	0	0
	}
}
*HELPEROBJECT {
	*NODE_NAME "Bip01 R Foot"
	*NODE_PARENT "Bip01 R HorseLink"
	*NODE_TM {
		*NODE_NAME "Bip01 R Foot"
		*TM_ROW0 -5.94236e-008	-1.76923e-006	-1
		*TM_ROW1 1.7961e-006	-1	1.79526e-006
		*TM_ROW2 -1	-1.78258e-006	-5.5608e-008
		*TM_ROW3 -19.6557	35.1386	9.28271
		*TM_POS -19.6557	35.1386	9.28271
		*TM_ROTAXIS 0.707107	-4.48352e-009	-0.707107
		*TM_ROTANGLE 3.1416
		*TM_SCALE 1	1	1
		*TM_SCALEAXIS 0	0	0
		*TM_SCALEAXISANG 0	0	0
	}
}
*HELPEROBJECT {
	*NODE_NAME "Bip01 R Toe0"
	*NODE_PARENT "Bip01 R Foot"
	*NODE_TM {
		*NODE_NAME "Bip01 R Toe0"
		*TM_ROW0 3.09477e-006	-1	2.95304e-006
		*TM_ROW1 2.95025e-006	3.0679e-006	1
		*TM_ROW2 -1	-2.94036e-006	3.0953e-006
		*TM_ROW3 -19.6556	17.8256	-0.111326
		*TM_POS -19.6556	17.8256	-0.111326
		*TM_ROTAXIS -0.57735	0.57735	0.57735
		*TM_ROTANGLE 2.09439
		*TM_SCALE 1	1	1
		*TM_SCALEAXIS 0	0	0
		*TM_SCALEAXISANG 0	0	0
	}
}
*HELPEROBJECT {
	*NODE_NAME "Bip01 Tail"
	*NODE_PARENT "Bip01 Spine"
	*NODE_TM {
		*NODE_NAME "Bip01 Tail"
		*TM_ROW0 -5.9406e-006	0.70067	-0.713486
		*TM_ROW1 -9.05991e-006	0.713486	0.70067
		*TM_ROW2 1	1.0699e-005	2.12093e-006
		*TM_ROW3 -1e-005	8.69728	85.3587
		*TM_POS -1e-005	8.69728	85.3587
		*TM_ROTAXIS -0.353981	-0.865672	-0.353991
		*TM_ROTANGLE 1.71455
		*TM_SCALE 1	1	1
		*TM_SCALEAXIS 0	0	0
		*TM_SCALEAXISANG 0	0	0
	}
}
*HELPEROBJECT {
	*NODE_NAME "Bip01 Tail1"
	*NODE_PARENT "Bip01 Tail"
	*NODE_TM {
		*NODE_NAME "Bip01 Tail1"
		*TM_ROW0 5.08201e-006	0.332424	-0.94313
		*TM_ROW1 -8.64269e-007	0.94313	0.332424
		*TM_ROW2 1	-8.64267e-007	5.08201e-006
		*TM_ROW3 -3e-005	25.0963	68.6374
		*TM_POS -3e-005	25.0963	68.6374
		*TM_ROTAXIS -0.16628	-0.971958	-0.16628
		*TM_ROTANGLE 1.59923
		*TM_SCALE 1	1	1
		*TM_SCALEAXIS 0	0	0
		*TM_SCALEAXISANG 0	0	0
	}
}
*HELPEROBJECT {
	*NODE_NAME "Bip01 Tail2"
	*NODE_PARENT "Bip01 Tail1"
	*NODE_TM {
		*NODE_NAME "Bip01 Tail2"
		*TM_ROW0 -1.98161e-006	0.145238	-0.989397
		*TM_ROW1 1.49011e-007	0.989397	0.145238
		*TM_ROW2 1	1.49012e-007	-1.98161e-006
		*TM_ROW3 -4e-005	32.2467	48.3102
		*TM_POS -4e-005	32.2467	48.3102
		*TM_ROTAXIS -0.0726201	-0.994712	-0.0726202
		*TM_ROTANGLE 1.5761
		*TM_SCALE 1	1	1
		*TM_SCALEAXIS 0	0	0
		*TM_SCALEAXISANG 0	0	0
	}
}
*HELPEROBJECT {
	*NODE_NAME "Bip01 Tail3"
	*NODE_PARENT "Bip01 Tail2"
	*NODE_TM {
		*NODE_NAME "Bip01 Tail3"
		*TM_ROW0 2.65587e-007	0.363019	-0.931782
		*TM_ROW1 -1.0401e-005	0.931782	0.363019
		*TM_ROW2 1	9.58145e-006	4.02068e-006
		*TM_ROW3 -4e-005	34.7228	31.3306
		*TM_POS -4e-005	34.7228	31.3306
		*TM_ROTAXIS -0.181611	-0.966453	-0.181621
		*TM_ROTANGLE 1.60491
		*TM_SCALE 1	1	1
		*TM_SCALEAXIS 0	0	0
		*TM_SCALEAXISANG 0	0	0
	}
}
*HELPEROBJECT {
	*NODE_NAME "Bip01 Tail4"
	*NODE_PARENT "Bip01 Tail3"
	*NODE_TM {
		*NODE_NAME "Bip01 Tail4"
		*TM_ROW0 -4.23126e-006	0.876482	-0.481435
		*TM_ROW1 2.563e-006	0.481435	0.876482
		*TM_ROW2 1	2.563e-006	-4.23126e-006
		*TM_ROW3 -6e-005	42.2798	11.8941
		*TM_POS -6e-005	42.2798	11.8941
		*TM_ROTAXIS -0.453758	-0.766947	-0.453758
		*TM_ROTANGLE 1.83308
		*TM_SCALE 1	1	1
		*TM_SCALEAXIS 0	0	0
		*TM_SCALEAXISANG 0	0	0
	}
}
*HELPEROBJECT {
	*NODE_NAME "Dummy"
	*NODE_PARENT "Bip01 Ponytail1"
	*NODE_TM {
		*NODE_NAME "Dummy"
		*TM_ROW0 -1	-0	0
		*TM_ROW1 -0	-1	0
		*TM_ROW2 -0	-0	1
		*TM_ROW3 0.000135	-104.316	53.396
		*TM_POS 0.000135	-104.316	53.396
		*TM_ROTAXIS 0	0	-1
		*TM_ROTANGLE 3.14159
		*TM_SCALE 1	1	1
		*TM_SCALEAXIS 0	0	0
		*TM_SCALEAXISANG 0	0	0
	}
}
*HELPEROBJECT {
	*NODE_NAME "Dummy1"
	*NODE_PARENT "Bip01 L Finger0"
	*NODE_TM {
		*NODE_NAME "Dummy1"
		*TM_ROW0 -1	-0	0
		*TM_ROW1 -0	-1	0
		*TM_ROW2 -0	-0	1
		*TM_ROW3 23.3034	-75.9385	2.04707
		*TM_POS 23.3034	-75.9385	2.04707
		*TM_ROTAXIS 0	0	-1
		*TM_ROTANGLE 3.14159
		*TM_SCALE 1	1	1
		*TM_SCALEAXIS 0	0	0
		*TM_SCALEAXISANG 0	0	0
	}
}
*HELPEROBJECT {
	*NODE_NAME "Dummy2"
	*NODE_PARENT "Bip01 R Finger0"
	*NODE_TM {
		*NODE_NAME "Dummy2"
		*TM_ROW0 -1	-0	0
		*TM_ROW1 -0	-1	0
		*TM_ROW2 -0	-0	1
		*TM_ROW3 -21.8844	-77.6983	2.85708
		*TM_POS -21.8844	-77.6983	2.85708
		*TM_ROTAXIS 0	0	-1
		*TM_ROTANGLE 3.14159
		*TM_SCALE 1	1	1
		*TM_SCALEAXIS 0	0	0
		*TM_SCALEAXISANG 0	0	0
	}
}
*HELPEROBJECT {
	*NODE_NAME "Dummy3"
	*NODE_PARENT "Bip01 L Toe0"
	*NODE_TM {
		*NODE_NAME "Dummy3"
		*TM_ROW0 -1	-0	0
		*TM_ROW1 -0	-1	0
		*TM_ROW2 -0	-0	1
		*TM_ROW3 18.1878	6.44975	-4.31921
		*TM_POS 18.1878	6.44975	-4.31921
		*TM_ROTAXIS 0	0	-1
		*TM_ROTANGLE 3.14159
		*TM_SCALE 1	1	1
		*TM_SCALEAXIS 0	0	0
		*TM_SCALEAXISANG 0	0	0
	}
}
*HELPEROBJECT {
	*NODE_NAME "Dummy4"
	*NODE_PARENT "Bip01 R Toe0"
	*NODE_TM {
		*NODE_NAME "Dummy4"
		*TM_ROW0 -1	-0	0
		*TM_ROW1 -0	-1	0
		*TM_ROW2 -0	-0	1
		*TM_ROW3 -19.6556	9.16908	-4.80835
		*TM_POS -19.6556	9.16908	-4.80835
		*TM_ROTAXIS 0	0	-1
		*TM_ROTANGLE 3.14159
		*TM_SCALE 1	1	1
		*TM_SCALEAXIS 0	0	0
		*TM_SCALEAXISANG 0	0	0
	}
}
*HELPEROBJECT {
	*NODE_NAME "Dummy5"
	*NODE_PARENT "Bip01 Tail4"
	*NODE_TM {
		*NODE_NAME "Dummy5"
		*TM_ROW0 -1	-0	0
		*TM_ROW1 -0	-1	0
		*TM_ROW2 -0	-0	1
		*TM_ROW3 -7e-005	46.0583	2.1759
		*TM_POS -7e-005	46.0583	2.1759
		*TM_ROTAXIS 0	0	-1
		*TM_ROTANGLE 3.14159
		*TM_SCALE 1	1	1
		*TM_SCALEAXIS 0	0	0
		*TM_SCALEAXISANG 0	0	0
	}
}
*GEOMOBJECT {
	*NODE_NAME "zm_Skin"
	*NODE_PARENT "Bip01"
	*NODE_TM {
		*NODE_NAME "zm_Skin"
		*TM_ROW0 -1	-0	0
		*TM_ROW1 -0	-1	0
		*TM_ROW2 -0	-0	1
		*TM_ROW3 -0	-0	0
		*TM_POS -0	-0	0
		*TM_ROTAXIS 0	0	-1
		*TM_ROTANGLE 3.14159
		*TM_SCALE 1	1	1
		*TM_SCALEAXIS 0	0	0
		*TM_SCALEAXISANG 0	0	0
	}
	*MATERIAL_REF 0
	*MESH_SOFTSKIN {
		*TIMEVALUE 0
		*MESH_NUMVERTEX 271
		*MESH_NUMFACES 532
		*MESH_VERTEX_LIST {
			*MESH_VERTEX 0	-12.5436	-22.2471	76.3351
			*MESH_VERTEX 1	32.6617	-74.7381	-0.0685043
			*MESH_VERTEX 2	20.5293	-77.384	92.8799
			*MESH_VERTEX 3	-5.34751	-129.913	52.4399
			*MESH_VERTEX 4	23.9904	-46.031	43.5254
			*MESH_VERTEX 5	9.47431	1.07592	49.2376
			*MESH_VERTEX 6	-20.1568	28.8015	30.7916
			*MESH_VERTEX 7	-1.54887	0.575454	98.4809
			*MESH_VERTEX 8	14.6448	15.0993	-0.351967
			*MESH_VERTEX 9	11.8001	28.4449	30.0613
			*MESH_VERTEX 10	-22.8761	-70.8656	42.9187
			*MESH_VERTEX 11	-19.1708	-100.988	66.6199
			*MESH_VERTEX 12	-15.7312	-75.9169	1.68633
			*MESH_VERTEX 13	-16.855	-51.8168	63.486
			*MESH_VERTEX 14	22.144	-45.4386	71.8133
			*MESH_VERTEX 15	-10.9724	32.7852	-0.516091
			*MESH_VERTEX 16	-14.6211	15.3082	54.7149
			*MESH_VERTEX 17	-22.7015	-97.1876	-1.46395
			*MESH_VERTEX 18	24.4905	-95.5249	-1.17222
			*MESH_VERTEX 19	5.86477	-8.04269	66.9882
			*MESH_VERTEX 20	21.234	32.747	-0.0393488
			*MESH_VERTEX 21	-17.1667	15.6655	-1.04156
			*MESH_VERTEX 22	-8.18315	-117.595	60.0286
			*MESH_VERTEX 23	13.9372	13.5211	55.2865
			*MESH_VERTEX 24	-5.64282	40.593	14.4623
			*MESH_VERTEX 25	5.78342	40.8721	14.7643
			*MESH_VERTEX 26	-9.74607	-111.551	84.0401
			*MESH_VERTEX 27	-20.5976	-104.418	97.3115
			*MESH_VERTEX 28	-11.7283	-102.129	90.1507
			*MESH_VERTEX 29	-2.5317	-76.9708	112.657
			*MESH_VERTEX 30	5.27855	-129.913	52.44
			*MESH_VERTEX 31	-6.81743	-126.754	59.2884
			*MESH_VERTEX 32	5.03102	24.8247	71.3725
			*MESH_VERTEX 33	-0.0695508	10.9204	74.5903
			*MESH_VERTEX 34	-15.2596	-71.2607	65.4385
			*MESH_VERTEX 35	-30.387	-90.2746	10.157
			*MESH_VERTEX 36	-27.2163	-73.2811	21.1736
			*MESH_VERTEX 37	-22.7044	-81.339	71.2593
			*MESH_VERTEX 38	-21.9477	-45.4059	71.9913
			*MESH_VERTEX 39	6.74858	-126.754	59.2884
			*MESH_VERTEX 40	8.11445	-117.595	60.1867
			*MESH_VERTEX 41	-0.0343552	-141.743	62.261
			*MESH_VERTEX 42	-0.0344377	-135.253	51.6082
			*MESH_VERTEX 43	18.6466	28.7197	31.0533
			*MESH_VERTEX 44	8.40397	32.2181	-0.0253191
			*MESH_VERTEX 45	-23.7067	33.3122	-0.526756
			*MESH_VERTEX 46	11.6574	-102.129	90.1508
			*MESH_VERTEX 47	20.5267	-104.418	95.5158
			*MESH_VERTEX 48	19.1	-100.988	66.62
			*MESH_VERTEX 49	-23.4337	-46.0519	42.9353
			*MESH_VERTEX 50	15.2602	-71.2922	65.3447
			*MESH_VERTEX 51	-6.33802	-6.2283	66.6729
			*MESH_VERTEX 52	-13.336	28.5699	29.5929
			*MESH_VERTEX 53	-17.5718	27.9824	8.50576
			*MESH_VERTEX 54	-5.0103	-131.949	55.284
			*MESH_VERTEX 55	17.5943	-74.6422	-0.0777426
			*MESH_VERTEX 56	8.80522	-63.2631	110.391
			*MESH_VERTEX 57	-31.6753	-90.3957	-0.963877
			*MESH_VERTEX 58	-23.7477	-81.138	14.1371
			*MESH_VERTEX 59	18.7192	3.80302	48.8548
			*MESH_VERTEX 60	14.3237	25.7246	27.769
			*MESH_VERTEX 61	-0.0350697	45.6084	2.33296
			*MESH_VERTEX 62	-0.0427319	27.4851	50.3049
			*MESH_VERTEX 63	-5.10055	24.8246	71.3723
			*MESH_VERTEX 64	-12.2675	19.2978	79.2192
			*MESH_VERTEX 65	-13.3984	-7.03744	95.4692
			*MESH_VERTEX 66	13.2523	37.3941	8.1096
			*MESH_VERTEX 67	4.84265	13.9099	84.3098
			*MESH_VERTEX 68	-9.02113	-120.45	61.3032
			*MESH_VERTEX 69	-0.051236	-111.33	62.9061
			*MESH_VERTEX 70	8.95232	-120.45	61.3032
			*MESH_VERTEX 71	15.0879	27.9937	9.05946
			*MESH_VERTEX 72	20.108	21.5234	7.66813
			*MESH_VERTEX 73	-22.6254	22.0889	6.97989
			*MESH_VERTEX 74	32.209	-87.7295	9.65188
			*MESH_VERTEX 75	25.4217	-78.9248	12.6125
			*MESH_VERTEX 76	22.5613	-81.3229	71.2654
			*MESH_VERTEX 77	23.2852	-70.0471	42.2042
			*MESH_VERTEX 78	15.6312	-80.2189	72.0577
			*MESH_VERTEX 79	4.93575	-131.949	55.2841
			*MESH_VERTEX 80	-15.8675	37.4515	7.58148
			*MESH_VERTEX 81	-15.7009	-80.2218	72.0653
			*MESH_VERTEX 82	-20.5938	-77.3866	92.8828
			*MESH_VERTEX 83	-5.0272	13.8671	84.254
			*MESH_VERTEX 84	-0.0348691	61.3117	2.13255
			*MESH_VERTEX 85	16.016	-102.95	74.5553
			*MESH_VERTEX 86	9.67514	-111.551	84.0401
			*MESH_VERTEX 87	4.60771e-005	-108.894	90.8863
			*MESH_VERTEX 88	-13.9144	-91.739	-0.663934
			*MESH_VERTEX 89	-15.4978	-89.691	10.2678
			*MESH_VERTEX 90	33.5957	-88.7739	-1.31737
			*MESH_VERTEX 91	5.75639	22.4638	-0.330734
			*MESH_VERTEX 92	9.14407	22.1742	7.57104
			*MESH_VERTEX 93	-1.92383	-65.5045	49.5776
			*MESH_VERTEX 94	15.6501	-89.9442	-1.23456
			*MESH_VERTEX 95	17.178	-87.0249	9.42141
			*MESH_VERTEX 96	-19.6595	4.86455	49.0598
			*MESH_VERTEX 97	-15.545	25.8314	27.5386
			*MESH_VERTEX 98	-0.0353173	-124.463	72.0342
			*MESH_VERTEX 99	3.86114	-131.667	52.6768
			*MESH_VERTEX 100	-3.93014	-131.667	52.6768
			*MESH_VERTEX 101	-8.34465	23.0313	-1.02271
			*MESH_VERTEX 102	-11.6666	22.7412	6.88
			*MESH_VERTEX 103	12.4826	-22.24	76.3289
			*MESH_VERTEX 104	-0.125652	-17.166	70.0773
			*MESH_VERTEX 105	23.2636	23.8265	-0.365135
			*MESH_VERTEX 106	-30.6516	-75.9055	1.55186
			*MESH_VERTEX 107	-25.7212	24.3914	-1.05249
			*MESH_VERTEX 108	12.4877	16.6837	75.3718
			*MESH_VERTEX 109	13.3413	-6.98732	95.4884
			*MESH_VERTEX 110	25.6789	-67.2975	72.5159
			*MESH_VERTEX 111	-21.8081	-63.5077	94.3935
			*MESH_VERTEX 112	-0.226522	15.2728	91.3057
			*MESH_VERTEX 113	6.13333	13.1418	73.1831
			*MESH_VERTEX 114	-19.2296	-7.16294	82.5091
			*MESH_VERTEX 115	28.9051	-70.7876	19.241
			*MESH_VERTEX 116	-16.0868	-102.95	74.5552
			*MESH_VERTEX 117	16.3124	-18.7389	84.5368
			*MESH_VERTEX 118	-5.97856	13.2882	74.7535
			*MESH_VERTEX 119	17.0085	-51.9135	63.3292
			*MESH_VERTEX 120	-16.4459	-61.6059	41.4284
			*MESH_VERTEX 121	17.2079	-60.9117	41.0122
			*MESH_VERTEX 122	-0.0343815	-128.515	46.4739
			*MESH_VERTEX 123	-16.3738	-84.5083	60.3134
			*MESH_VERTEX 124	-17.2974	-88.6904	71.376
			*MESH_VERTEX 125	14.5055	-44.9946	91.2669
			*MESH_VERTEX 126	7.19143	-76.5708	103.147
			*MESH_VERTEX 127	-16.3539	-18.7777	84.527
			*MESH_VERTEX 128	-16.312	31.8111	33.5119
			*MESH_VERTEX 129	14.5408	31.5972	33.9376
			*MESH_VERTEX 130	-14.0705	-1.37598	44.7032
			*MESH_VERTEX 131	-0.0342896	-137.119	57.5286
			*MESH_VERTEX 132	19.0565	-7.07233	82.7949
			*MESH_VERTEX 133	-1.48122	-55.6401	115.419
			*MESH_VERTEX 134	13.2523	-2.59367	45.0702
			*MESH_VERTEX 135	15.1551	-14.0979	70.3684
			*MESH_VERTEX 136	4.26403	-125.758	68.2496
			*MESH_VERTEX 137	9.13429	-122.753	75.9912
			*MESH_VERTEX 138	21.202	-75.6099	62.0457
			*MESH_VERTEX 139	-7.25836	-76.5741	103.147
			*MESH_VERTEX 140	-14.5675	-44.9894	91.2678
			*MESH_VERTEX 141	21.7449	-63.5077	94.3937
			*MESH_VERTEX 142	16.3816	-38.2138	74.9779
			*MESH_VERTEX 143	-16.4362	-38.2108	74.9748
			*MESH_VERTEX 144	-15.3051	-13.8791	69.6667
			*MESH_VERTEX 145	12.9675	-100.541	60.9148
			*MESH_VERTEX 146	10.2103	-118.873	71.2074
			*MESH_VERTEX 147	-2.54816	-100.113	52.7414
			*MESH_VERTEX 148	-4.44421	-125.758	68.2496
			*MESH_VERTEX 149	-9.20528	-122.753	75.9321
			*MESH_VERTEX 150	-10.2812	-118.873	71.2073
			*MESH_VERTEX 151	-10.7896	-93.1387	91.5561
			*MESH_VERTEX 152	16.2581	-84.6823	60.503
			*MESH_VERTEX 153	17.227	-88.6904	71.3761
			*MESH_VERTEX 154	10.7222	-93.1395	91.5536
			*MESH_VERTEX 155	-10.3011	2.16487	48.8625
			*MESH_VERTEX 156	-8.78246	14.503	61.4421
			*MESH_VERTEX 157	16.7589	-110.022	71.3026
			*MESH_VERTEX 158	-16.8298	-110.022	71.3025
			*MESH_VERTEX 159	-24.2104	-68.9422	9.63541
			*MESH_VERTEX 160	-0.0343558	-142.156	64.0578
			*MESH_VERTEX 161	-7.14373	-4.68946	57.3479
			*MESH_VERTEX 162	-13.0373	-100.541	60.8902
			*MESH_VERTEX 163	-4.9043	-95.3909	100.477
			*MESH_VERTEX 164	-6.94394	-129.947	62.8335
			*MESH_VERTEX 165	-3.72634	-137.847	64.4853
			*MESH_VERTEX 166	-16.1825	-73.9646	10.2746
			*MESH_VERTEX 167	6.87506	-129.948	62.8335
			*MESH_VERTEX 168	26.2423	-67.1278	7.2432
			*MESH_VERTEX 169	17.9595	-71.9781	8.3316
			*MESH_VERTEX 170	3.65741	-137.847	64.4853
			*MESH_VERTEX 171	-21.0772	-75.2903	61.877
			*MESH_VERTEX 172	-25.7267	-67.1416	72.3646
			*MESH_VERTEX 173	-8.84896	-63.2632	110.391
			*MESH_VERTEX 174	5.16324	47.7192	8.04035
			*MESH_VERTEX 175	-5.23288	47.7192	8.04044
			*MESH_VERTEX 176	-0.426656	38.4643	12.7942
			*MESH_VERTEX 177	8.52413	-7.33929	58.3591
			*MESH_VERTEX 178	4.73238	-122.289	48.388
			*MESH_VERTEX 179	-0.0343141	-115.918	48.2381
			*MESH_VERTEX 180	6.01995	-122.884	51.9833
			*MESH_VERTEX 181	-22.4089	-65.4235	18.1666
			*MESH_VERTEX 182	8.99897	12.3343	60.0181
			*MESH_VERTEX 183	17.828	-109.618	92.5246
			*MESH_VERTEX 184	-11.2874	-66.3901	56.5973
			*MESH_VERTEX 185	11.1906	-66.4643	56.5487
			*MESH_VERTEX 186	-0.226869	45.3038	17.9108
			*MESH_VERTEX 187	21.8538	-2.89746	70.2049
			*MESH_VERTEX 188	24.2716	-62.6868	16.5277
			*MESH_VERTEX 189	-4.80121	-122.289	48.388
			*MESH_VERTEX 190	-17.899	-109.617	94.3203
			*MESH_VERTEX 191	-0.386903	5.53951	71.9474
			*MESH_VERTEX 192	5.45104	-134.278	60.6446
			*MESH_VERTEX 193	-5.51994	-134.278	60.6446
			*MESH_VERTEX 194	27.9063	-63.1944	42.0126
			*MESH_VERTEX 195	11.5229	-63.4094	98.9092
			*MESH_VERTEX 196	-11.5786	-63.4116	98.9155
			*MESH_VERTEX 197	-0.114797	28.121	73.486
			*MESH_VERTEX 198	14.8565	-12.878	59.9464
			*MESH_VERTEX 199	-16.9976	-73.9421	21.5285
			*MESH_VERTEX 200	-11.0258	7.17352	84.8833
			*MESH_VERTEX 201	-22.0438	-2.24279	70.1171
			*MESH_VERTEX 202	-27.2342	-63.3076	42.247
			*MESH_VERTEX 203	9.07022	-38.7385	66.3175
			*MESH_VERTEX 204	21.634	-49.0541	63.1152
			*MESH_VERTEX 205	-6.08881	-122.884	51.9833
			*MESH_VERTEX 206	-5.37494	-128.42	53.1237
			*MESH_VERTEX 207	5.30599	-128.42	53.1237
			*MESH_VERTEX 208	-9.13781	-38.7314	66.3075
			*MESH_VERTEX 209	15.3204	5.86082	38.8826
			*MESH_VERTEX 210	18.7551	-71.2785	19.4103
			*MESH_VERTEX 211	-0.115097	19.1134	68.5036
			*MESH_VERTEX 212	-0.0354705	-122.229	76.6212
			*MESH_VERTEX 213	-6.30794	-80.5084	51.2774
			*MESH_VERTEX 214	-21.2962	-48.8624	63.2233
			*MESH_VERTEX 215	10.4112	-122.733	66.8029
			*MESH_VERTEX 216	4.47175	-130.363	66.2222
			*MESH_VERTEX 217	-22.0128	33.6795	9.92674
			*MESH_VERTEX 218	-10.4791	-122.733	66.7854
			*MESH_VERTEX 219	-4.53971	-130.363	66.2222
			*MESH_VERTEX 220	-12.0089	33.7291	9.9379
			*MESH_VERTEX 221	31.7569	-72.5761	8.32262
			*MESH_VERTEX 222	-15.6939	-10.4253	58.5364
			*MESH_VERTEX 223	19.6066	33.5909	10.4046
			*MESH_VERTEX 224	-0.0343036	-135.287	65.9686
			*MESH_VERTEX 225	-5.31445	6.04238	70.4027
			*MESH_VERTEX 226	19.8724	12.2639	44.4731
			*MESH_VERTEX 227	4.56181	-130.706	54.6822
			*MESH_VERTEX 228	-20.8942	13.2402	44.5375
			*MESH_VERTEX 229	9.72583	-21.4864	100.814
			*MESH_VERTEX 230	-9.78411	-21.5162	100.8
			*MESH_VERTEX 231	-1.8051	-16.4312	106.729
			*MESH_VERTEX 232	-4.63083	-130.619	54.6514
			*MESH_VERTEX 233	24.4588	-74.7693	19.7247
			*MESH_VERTEX 234	-16.3392	6.55361	39.2563
			*MESH_VERTEX 235	-11.1695	13.5837	40.2832
			*MESH_VERTEX 236	5.33092	4.37434	69.7472
			*MESH_VERTEX 237	-4.63189	35.0459	34.4432
			*MESH_VERTEX 238	4.56905	35.0478	34.4437
			*MESH_VERTEX 239	-0.0441964	36.0289	52.3766
			*MESH_VERTEX 240	-0.0326507	38.6179	34.7616
			*MESH_VERTEX 241	-0.0344306	-134.616	49.8409
			*MESH_VERTEX 242	20.2972	-104.083	88.703
			*MESH_VERTEX 243	-6.52422	-112.69	54.3756
			*MESH_VERTEX 244	6.45548	-112.69	54.3756
			*MESH_VERTEX 245	-0.138849	-39.2405	59.2137
			*MESH_VERTEX 246	-5.22569	-131.488	58.2505
			*MESH_VERTEX 247	-15.6512	17.8473	51.7372
			*MESH_VERTEX 248	10.1714	12.7701	40.4378
			*MESH_VERTEX 249	14.6667	16.0831	52.5177
			*MESH_VERTEX 250	5.22447	-131.225	58.3333
			*MESH_VERTEX 251	9.15874	-44.2436	104.871
			*MESH_VERTEX 252	-9.22452	-44.2409	104.871
			*MESH_VERTEX 253	-29.8406	-74.8355	10.1591
			*MESH_VERTEX 254	4.42812	32.3291	51.0885
			*MESH_VERTEX 255	-4.49739	32.3283	51.0882
			*MESH_VERTEX 256	-20.3681	-104.083	90.4987
			*MESH_VERTEX 257	-3.31288	-129.865	49.8753
			*MESH_VERTEX 258	3.24395	-129.865	49.8753
			*MESH_VERTEX 259	-0.0307518	30.4136	33.8782
			*MESH_VERTEX 260	-22.7813	-77.4065	21.738
			*MESH_VERTEX 261	17.3127	-108.481	86.5389
			*MESH_VERTEX 262	-3.2552	-134.339	57.716
			*MESH_VERTEX 263	11.042	7.39032	84.8917
			*MESH_VERTEX 264	3.33883	-134.226	57.7062
			*MESH_VERTEX 265	-17.3836	-108.481	88.3346
			*MESH_VERTEX 266	-0.035086	52.5658	12.4736
			*MESH_VERTEX 267	-1.66393	-43.4497	114.15
			*MESH_VERTEX 268	9.47306	31.5099	10.5504
			*MESH_VERTEX 269	-9.37248	-113.577	56.3703
			*MESH_VERTEX 270	9.30369	-113.577	56.3704
		}
		*MESH_FACE_LIST {
			*MESH_FACE    0:    A:    142 B:    117 C:    125 AB:    1 BC:    1 CA:    1	 *MESH_SMOOTHING 1 	*MESH_MTLID 0
			*MESH_FACE    1:    A:    185 B:    152 C:    213 AB:    1 BC:    1 CA:    1	 *MESH_SMOOTHING 1 	*MESH_MTLID 0
			*MESH_FACE    2:    A:    152 B:    185 C:    50 AB:    1 BC:    1 CA:    1	 *MESH_SMOOTHING 1 	*MESH_MTLID 0
			*MESH_FACE    3:    A:    125 B:    141 C:    14 AB:    1 BC:    1 CA:    1	 *MESH_SMOOTHING 1 	*MESH_MTLID 0
			*MESH_FACE    4:    A:    121 B:    4 C:    210 AB:    1 BC:    1 CA:    1	 *MESH_SMOOTHING 1 	*MESH_MTLID 0
			*MESH_FACE    5:    A:    110 B:    14 C:    141 AB:    1 BC:    1 CA:    1	 *MESH_SMOOTHING 1 	*MESH_MTLID 0
			*MESH_FACE    6:    A:    117 B:    229 C:    125 AB:    1 BC:    1 CA:    1	 *MESH_SMOOTHING 1 	*MESH_MTLID 0
			*MESH_FACE    7:    A:    208 B:    0 C:    245 AB:    1 BC:    1 CA:    1	 *MESH_SMOOTHING 1 	*MESH_MTLID 0
			*MESH_FACE    8:    A:    96 B:    222 C:    201 AB:    1 BC:    1 CA:    1	 *MESH_SMOOTHING 1 	*MESH_MTLID 0
			*MESH_FACE    9:    A:    230 B:    127 C:    140 AB:    1 BC:    1 CA:    1	 *MESH_SMOOTHING 1 	*MESH_MTLID 0
			*MESH_FACE    10:    A:    51 B:    104 C:    0 AB:    1 BC:    1 CA:    1	 *MESH_SMOOTHING 1 	*MESH_MTLID 0
			*MESH_FACE    11:    A:    161 B:    222 C:    130 AB:    1 BC:    1 CA:    1	 *MESH_SMOOTHING 1 	*MESH_MTLID 0
			*MESH_FACE    12:    A:    129 B:    9 C:    249 AB:    1 BC:    1 CA:    1	 *MESH_SMOOTHING 1 	*MESH_MTLID 0
			*MESH_FACE    13:    A:    43 B:    129 C:    249 AB:    1 BC:    1 CA:    1	 *MESH_SMOOTHING 1 	*MESH_MTLID 0
			*MESH_FACE    14:    A:    230 B:    140 C:    252 AB:    1 BC:    1 CA:    1	 *MESH_SMOOTHING 1 	*MESH_MTLID 0
			*MESH_FACE    15:    A:    123 B:    184 C:    213 AB:    1 BC:    1 CA:    1	 *MESH_SMOOTHING 1 	*MESH_MTLID 0
			*MESH_FACE    16:    A:    151 B:    82 C:    124 AB:    1 BC:    1 CA:    1	 *MESH_SMOOTHING 1 	*MESH_MTLID 0
			*MESH_FACE    17:    A:    123 B:    213 C:    147 AB:    1 BC:    1 CA:    1	 *MESH_SMOOTHING 1 	*MESH_MTLID 0
			*MESH_FACE    18:    A:    202 B:    214 C:    49 AB:    1 BC:    1 CA:    1	 *MESH_SMOOTHING 1 	*MESH_MTLID 0
			*MESH_FACE    19:    A:    10 B:    199 C:    120 AB:    1 BC:    1 CA:    1	 *MESH_SMOOTHING 1 	*MESH_MTLID 0
			*MESH_FACE    20:    A:    204 B:    194 C:    4 AB:    1 BC:    1 CA:    1	 *MESH_SMOOTHING 1 	*MESH_MTLID 0
			*MESH_FACE    21:    A:    121 B:    119 C:    4 AB:    1 BC:    1 CA:    1	 *MESH_SMOOTHING 1 	*MESH_MTLID 0
			*MESH_FACE    22:    A:    201 B:    16 C:    96 AB:    1 BC:    1 CA:    1	 *MESH_SMOOTHING 1 	*MESH_MTLID 0
			*MESH_FACE    23:    A:    52 B:    128 C:    247 AB:    1 BC:    1 CA:    1	 *MESH_SMOOTHING 1 	*MESH_MTLID 0
			*MESH_FACE    24:    A:    247 B:    235 C:    52 AB:    1 BC:    1 CA:    1	 *MESH_SMOOTHING 1 	*MESH_MTLID 0
			*MESH_FACE    25:    A:    128 B:    6 C:    247 AB:    1 BC:    1 CA:    1	 *MESH_SMOOTHING 1 	*MESH_MTLID 0
			*MESH_FACE    26:    A:    181 B:    36 C:    49 AB:    1 BC:    1 CA:    1	 *MESH_SMOOTHING 1 	*MESH_MTLID 0
			*MESH_FACE    27:    A:    199 B:    10 C:    260 AB:    1 BC:    1 CA:    1	 *MESH_SMOOTHING 1 	*MESH_MTLID 0
			*MESH_FACE    28:    A:    115 B:    188 C:    4 AB:    1 BC:    1 CA:    1	 *MESH_SMOOTHING 1 	*MESH_MTLID 0
			*MESH_FACE    29:    A:    188 B:    210 C:    4 AB:    1 BC:    1 CA:    1	 *MESH_SMOOTHING 1 	*MESH_MTLID 0
			*MESH_FACE    30:    A:    5 B:    134 C:    177 AB:    1 BC:    1 CA:    1	 *MESH_SMOOTHING 1 	*MESH_MTLID 0
			*MESH_FACE    31:    A:    177 B:    236 C:    5 AB:    1 BC:    1 CA:    1	 *MESH_SMOOTHING 1 	*MESH_MTLID 0
			*MESH_FACE    32:    A:    23 B:    108 C:    187 AB:    1 BC:    1 CA:    1	 *MESH_SMOOTHING 1 	*MESH_MTLID 0
			*MESH_FACE    33:    A:    249 B:    226 C:    43 AB:    1 BC:    1 CA:    1	 *MESH_SMOOTHING 1 	*MESH_MTLID 0
			*MESH_FACE    34:    A:    72 B:    8 C:    105 AB:    1 BC:    1 CA:    1	 *MESH_SMOOTHING 1 	*MESH_MTLID 0
			*MESH_FACE    35:    A:    8 B:    92 C:    91 AB:    1 BC:    1 CA:    1	 *MESH_SMOOTHING 1 	*MESH_MTLID 0
			*MESH_FACE    36:    A:    53 B:    220 C:    52 AB:    1 BC:    1 CA:    1	 *MESH_SMOOTHING 1 	*MESH_MTLID 0
			*MESH_FACE    37:    A:    6 B:    217 C:    53 AB:    1 BC:    1 CA:    1	 *MESH_SMOOTHING 1 	*MESH_MTLID 0
			*MESH_FACE    38:    A:    22 B:    11 C:    162 AB:    1 BC:    1 CA:    1	 *MESH_SMOOTHING 1 	*MESH_MTLID 0
			*MESH_FACE    39:    A:    218 B:    11 C:    68 AB:    1 BC:    1 CA:    1	 *MESH_SMOOTHING 1 	*MESH_MTLID 0
			*MESH_FACE    40:    A:    248 B:    249 C:    9 AB:    1 BC:    1 CA:    1	 *MESH_SMOOTHING 1 	*MESH_MTLID 0
			*MESH_FACE    41:    A:    182 B:    5 C:    236 AB:    1 BC:    1 CA:    1	 *MESH_SMOOTHING 1 	*MESH_MTLID 0
			*MESH_FACE    42:    A:    238 B:    259 C:    176 AB:    1 BC:    1 CA:    1	 *MESH_SMOOTHING 1 	*MESH_MTLID 0
			*MESH_FACE    43:    A:    240 B:    238 C:    186 AB:    1 BC:    1 CA:    1	 *MESH_SMOOTHING 1 	*MESH_MTLID 0
			*MESH_FACE    44:    A:    26 B:    158 C:    150 AB:    1 BC:    1 CA:    1	 *MESH_SMOOTHING 1 	*MESH_MTLID 0
			*MESH_FACE    45:    A:    86 B:    87 C:    212 AB:    1 BC:    1 CA:    1	 *MESH_SMOOTHING 1 	*MESH_MTLID 0
			*MESH_FACE    46:    A:    26 B:    28 C:    190 AB:    1 BC:    1 CA:    1	 *MESH_SMOOTHING 1 	*MESH_MTLID 0
			*MESH_FACE    47:    A:    26 B:    265 C:    116 AB:    1 BC:    1 CA:    1	 *MESH_SMOOTHING 1 	*MESH_MTLID 0
			*MESH_FACE    48:    A:    158 B:    26 C:    116 AB:    1 BC:    1 CA:    1	 *MESH_SMOOTHING 1 	*MESH_MTLID 0
			*MESH_FACE    49:    A:    212 B:    87 C:    26 AB:    1 BC:    1 CA:    1	 *MESH_SMOOTHING 1 	*MESH_MTLID 0
			*MESH_FACE    50:    A:    29 B:    139 C:    163 AB:    1 BC:    1 CA:    1	 *MESH_SMOOTHING 1 	*MESH_MTLID 0
			*MESH_FACE    51:    A:    163 B:    154 C:    126 AB:    1 BC:    1 CA:    1	 *MESH_SMOOTHING 1 	*MESH_MTLID 0
			*MESH_FACE    52:    A:    206 B:    22 C:    205 AB:    1 BC:    1 CA:    1	 *MESH_SMOOTHING 1 	*MESH_MTLID 0
			*MESH_FACE    53:    A:    206 B:    42 C:    22 AB:    1 BC:    1 CA:    1	 *MESH_SMOOTHING 1 	*MESH_MTLID 0
			*MESH_FACE    54:    A:    218 B:    68 C:    31 AB:    1 BC:    1 CA:    1	 *MESH_SMOOTHING 1 	*MESH_MTLID 0
			*MESH_FACE    55:    A:    31 B:    68 C:    41 AB:    1 BC:    1 CA:    1	 *MESH_SMOOTHING 1 	*MESH_MTLID 0
			*MESH_FACE    56:    A:    254 B:    197 C:    32 AB:    1 BC:    1 CA:    1	 *MESH_SMOOTHING 1 	*MESH_MTLID 0
			*MESH_FACE    57:    A:    255 B:    62 C:    63 AB:    1 BC:    1 CA:    1	 *MESH_SMOOTHING 1 	*MESH_MTLID 0
			*MESH_FACE    58:    A:    229 B:    231 C:    251 AB:    1 BC:    1 CA:    1	 *MESH_SMOOTHING 1 	*MESH_MTLID 0
			*MESH_FACE    59:    A:    32 B:    112 C:    67 AB:    1 BC:    1 CA:    1	 *MESH_SMOOTHING 1 	*MESH_MTLID 0
			*MESH_FACE    60:    A:    64 B:    16 C:    201 AB:    1 BC:    1 CA:    1	 *MESH_SMOOTHING 1 	*MESH_MTLID 0
			*MESH_FACE    61:    A:    197 B:    255 C:    63 AB:    1 BC:    1 CA:    1	 *MESH_SMOOTHING 1 	*MESH_MTLID 0
			*MESH_FACE    62:    A:    184 B:    123 C:    34 AB:    1 BC:    1 CA:    1	 *MESH_SMOOTHING 1 	*MESH_MTLID 0
			*MESH_FACE    63:    A:    13 B:    120 C:    49 AB:    1 BC:    1 CA:    1	 *MESH_SMOOTHING 1 	*MESH_MTLID 0
			*MESH_FACE    64:    A:    127 B:    143 C:    140 AB:    1 BC:    1 CA:    1	 *MESH_SMOOTHING 1 	*MESH_MTLID 0
			*MESH_FACE    65:    A:    214 B:    202 C:    172 AB:    1 BC:    1 CA:    1	 *MESH_SMOOTHING 1 	*MESH_MTLID 0
			*MESH_FACE    66:    A:    89 B:    12 C:    58 AB:    1 BC:    1 CA:    1	 *MESH_SMOOTHING 1 	*MESH_MTLID 0
			*MESH_FACE    67:    A:    253 B:    58 C:    36 AB:    1 BC:    1 CA:    1	 *MESH_SMOOTHING 1 	*MESH_MTLID 0
			*MESH_FACE    68:    A:    36 B:    260 C:    10 AB:    1 BC:    1 CA:    1	 *MESH_SMOOTHING 1 	*MESH_MTLID 0
			*MESH_FACE    69:    A:    10 B:    171 C:    202 AB:    1 BC:    1 CA:    1	 *MESH_SMOOTHING 1 	*MESH_MTLID 0
			*MESH_FACE    70:    A:    171 B:    172 C:    202 AB:    1 BC:    1 CA:    1	 *MESH_SMOOTHING 1 	*MESH_MTLID 0
			*MESH_FACE    71:    A:    124 B:    82 C:    81 AB:    1 BC:    1 CA:    1	 *MESH_SMOOTHING 1 	*MESH_MTLID 0
			*MESH_FACE    72:    A:    13 B:    49 C:    214 AB:    1 BC:    1 CA:    1	 *MESH_SMOOTHING 1 	*MESH_MTLID 0
			*MESH_FACE    73:    A:    143 B:    0 C:    208 AB:    1 BC:    1 CA:    1	 *MESH_SMOOTHING 1 	*MESH_MTLID 0
			*MESH_FACE    74:    A:    157 B:    86 C:    146 AB:    1 BC:    1 CA:    1	 *MESH_SMOOTHING 1 	*MESH_MTLID 0
			*MESH_FACE    75:    A:    69 B:    41 C:    68 AB:    1 BC:    1 CA:    1	 *MESH_SMOOTHING 1 	*MESH_MTLID 0
			*MESH_FACE    76:    A:    213 B:    152 C:    147 AB:    1 BC:    1 CA:    1	 *MESH_SMOOTHING 1 	*MESH_MTLID 0
