*3DSMAX_ASCIIEXPORT	110
*COMMENT "[ GothicSourcer v3.16 ] - June 2007/March 2020"
*SCENE {
	*SCENE_FILENAME "BLATTCRAWLER_BODY.MAX"
	*SCENE_FIRSTFRAME 0
	*SCENE_LASTFRAME 100
	*SCENE_FRAMESPEED 25
	*SCENE_TICKSPERFRAME 192
	*SCENE_BACKGROUND_STATIC 0	0	0
	*SCENE_AMBIENT_STATIC 0.2	0.2	0.2
}
*MATERIAL_LIST {
	*MATERIAL_COUNT 1
	*MATERIAL 0 {
		*MATERIAL_NAME "CRW_BODY"
		*MATERIAL_CLASS "Standard"
		*MATERIAL_AMBIENT 0.192157	0.2	0.0627451
		*MATERIAL_DIFFUSE 0.192157	0.2	0.0627451
		*MATERIAL_SPECULAR 0.9	0.9	0.9
		*MATERIAL_SHINE 0.1
		*MATERIAL_SHINESTRENGTH 0
		*MATERIAL_TRANSPARENCY 0
		*MATERIAL_WIRESIZE 1
		*MATERIAL_SHADING Blinn
		*MATERIAL_XP_FALLOFF 0
		*MATERIAL_SELFILLUM 0
		*MATERIAL_FALLOFF In
		*MATERIAL_XP_TYPE Filter
		*MAP_DIFFUSE {
			*MAP_NAME "Map #1"
			*MAP_CLASS "Bitmap"
			*MAP_SUBNO 1
			*MAP_AMOUNT 1
			*BITMAP "SCHRECKBLATT.TGA"
			*MAP_TYPE Screen
			*UVW_U_OFFSET 0
			*UVW_V_OFFSET 0
			*UVW_U_TILING 1
			*UVW_V_TILING 1
			*UVW_ANGLE 0
			*UVW_BLUR 1
			*UVW_BLUR_OFFSET 0
			*UVW_NOUSE_AMT 1
			*UVW_NOISE_SIZE 1
			*UVW_NOISE_LEVEL 1
			*UVW_NOISE_PHASE 0
			*BITMAP_FILTER Pyramidal
		}
	}
}
*HELPEROBJECT {
	*NODE_NAME "Bip01"
	*NODE_TM {
		*NODE_NAME "Bip01"
		*TM_ROW0 1.26759e-006	-1	0
		*TM_ROW1 1	1.26759e-006	0
		*TM_ROW2 -0	-0	1
		*TM_ROW3 -4e-006	0	80.5441
		*TM_POS -4e-006	0	80.5441
		*TM_ROTAXIS 0	0	1
		*TM_ROTANGLE 1.5708
		*TM_SCALE 1	1	1
		*TM_SCALEAXIS 0	0	0
		*TM_SCALEAXISANG 0	0	0
	}
}
*HELPEROBJECT {
	*NODE_NAME "Bip01 Pelvis"
	*NODE_PARENT "Bip01"
	*NODE_TM {
		*NODE_NAME "Bip01 Pelvis"
		*TM_ROW0 -1.19209e-006	-1.64892e-007	1
		*TM_ROW1 2.99332e-006	-1	-1.64887e-007
		*TM_ROW2 1	2.99332e-006	1.66893e-006
		*TM_ROW3 3.90109e-005	-0.0871679	80.5441
		*TM_POS 3.90109e-005	-0.0871679	80.5441
		*TM_ROTAXIS -0.707106	-1e-006	-0.707107
		*TM_ROTANGLE 3.14159
		*TM_SCALE 1	1	1
		*TM_SCALEAXIS 0	0	0
		*TM_SCALEAXISANG 0	0	0
	}
}
*HELPEROBJECT {
	*NODE_NAME "Bip01 Spine"
	*NODE_PARENT "Bip01 Pelvis"
	*NODE_TM {
		*NODE_NAME "Bip01 Spine"
		*TM_ROW0 1.45417e-006	-1	-0.000796169
		*TM_ROW1 -2.20537e-006	0.000796252	-1
		*TM_ROW2 1	1.2815e-006	-2.09231e-006
		*TM_ROW3 1.89974e-005	-9.73177	87.8625
		*TM_POS 1.89974e-005	-9.73177	87.8625
		*TM_ROTAXIS 0.577198	-0.577657	0.577196
		*TM_ROTANGLE 2.09394
		*TM_SCALE 1	1	1
		*TM_SCALEAXIS 0	0	0
		*TM_SCALEAXISANG 0	0	0
	}
}
*HELPEROBJECT {
	*NODE_NAME "Bip01 Spine1"
	*NODE_PARENT "Bip01 Spine"
	*NODE_TM {
		*NODE_NAME "Bip01 Spine1"
		*TM_ROW0 1.86018e-006	-0.996264	0.0863633
		*TM_ROW1 -3.69549e-006	-0.0863631	-0.996264
		*TM_ROW2 1	1.3411e-006	-3.62344e-006
		*TM_ROW3 4.69914e-005	-30.202	87.8597
		*TM_POS 4.69914e-005	-30.202	87.8597
		*TM_ROTAXIS 0.593287	-0.544081	0.593284
		*TM_ROTANGLE 2.14502
		*TM_SCALE 1	1	1
		*TM_SCALEAXIS 0	0	0
		*TM_SCALEAXISANG 0	0	0
	}
}
*HELPEROBJECT {
	*NODE_NAME "Bip01 Spine2"
	*NODE_PARENT "Bip01 Spine1"
	*NODE_TM {
		*NODE_NAME "Bip01 Spine2"
		*TM_ROW0 1.70056e-006	-0.906644	0.421897
		*TM_ROW1 -2.35438e-006	-0.421897	-0.906644
		*TM_ROW2 1	4.17232e-007	-2.76979e-006
		*TM_ROW3 6.99941e-005	-47.201	89.3631
		*TM_POS 6.99941e-005	-47.201	89.3631
		*TM_ROTAXIS 0.644616	-0.411026	0.644614
		*TM_ROTANGLE 2.36164
		*TM_SCALE 1	1	1
		*TM_SCALEAXIS 0	0	0
		*TM_SCALEAXISANG 0	0	0
	}
}
*HELPEROBJECT {
	*NODE_NAME "Bip01 L Claw"
	*NODE_PARENT "Bip01 Spine2"
	*NODE_TM {
		*NODE_NAME "Bip01 L Claw"
		*TM_ROW0 0.893131	0.445028	0.0653226
		*TM_ROW1 -0.417043	0.764911	0.490904
		*TM_ROW2 0.1685	-0.465684	0.868761
		*TM_ROW3 22.3473	-79.7275	112.805
		*TM_POS 22.3473	-79.7275	112.805
		*TM_ROTAXIS -0.74048	-0.079868	-0.667316
		*TM_ROTANGLE 0.702233
		*TM_SCALE 1	1	1
		*TM_SCALEAXIS 0	0	0
		*TM_SCALEAXISANG 0	0	0
	}
}
*HELPEROBJECT {
	*NODE_NAME "Bip01 L Claw1"
	*NODE_PARENT "Bip01 L Claw"
	*NODE_TM {
		*NODE_NAME "Bip01 L Claw1"
		*TM_ROW0 0.992257	0.1235	0.0131852
		*TM_ROW1 -0.110226	0.924548	-0.364775
		*TM_ROW2 -0.0572401	0.360497	0.931002
		*TM_ROW3 52.8034	-135.463	76.1055
		*TM_POS 52.8034	-135.463	76.1055
		*TM_ROTAXIS 0.947759	0.092029	-0.305424
		*TM_ROTANGLE 0.392636
		*TM_SCALE 1	1	1
		*TM_SCALEAXIS 0	0	0
		*TM_SCALEAXISANG 0	0	0
	}
}
*HELPEROBJECT {
	*NODE_NAME "Bip01 L Claw2"
	*NODE_PARENT "Bip01 L Claw1"
	*NODE_TM {
		*NODE_NAME "Bip01 L Claw2"
		*TM_ROW0 0.992257	0.1235	0.0131848
		*TM_ROW1 -0.0686326	0.456736	0.886951
		*TM_ROW2 0.103517	-0.880988	0.461675
		*TM_ROW3 56.4636	-166.205	88.5954
		*TM_POS 56.4636	-166.205	88.5954
		*TM_ROTAXIS -0.992867	-0.05073	-0.107901
		*TM_ROTANGLE 1.09805
		*TM_SCALE 1	1	1
		*TM_SCALEAXIS 0	0	0
		*TM_SCALEAXISANG 0	0	0
	}
}
*HELPEROBJECT {
	*NODE_NAME "Bip01 R Claw"
	*NODE_PARENT "Bip01 Spine2"
	*NODE_TM {
		*NODE_NAME "Bip01 R Claw"
		*TM_ROW0 0.893131	-0.445029	-0.0653228
		*TM_ROW1 -0.417043	-0.764911	-0.490903
		*TM_ROW2 0.1685	0.465683	-0.868762
		*TM_ROW3 -22.6238	-79.7275	112.805
		*TM_POS -22.6238	-79.7275	112.805
		*TM_ROTAXIS 0.971009	-0.237348	0.028407
		*TM_ROTANGLE 2.62655
		*TM_SCALE 1	1	1
		*TM_SCALEAXIS 0	0	0
		*TM_SCALEAXISANG 0	0	0
	}
}
*HELPEROBJECT {
	*NODE_NAME "Bip01 R Claw1"
	*NODE_PARENT "Bip01 R Claw"
	*NODE_TM {
		*NODE_NAME "Bip01 R Claw1"
		*TM_ROW0 0.992257	-0.123501	-0.0131851
		*TM_ROW1 -0.110226	-0.924548	0.364775
		*TM_ROW2 -0.0572403	-0.360497	-0.931002
		*TM_ROW3 -53.0799	-135.463	76.1055
		*TM_POS -53.0799	-135.463	76.1055
		*TM_ROTAXIS 0.997994	-0.060621	-0.018266
		*TM_ROTANGLE 3.51347
		*TM_SCALE 1	1	1
		*TM_SCALEAXIS 0	0	0
		*TM_SCALEAXISANG 0	0	0
	}
}
*HELPEROBJECT {
	*NODE_NAME "Bip01 R Claw2"
	*NODE_PARENT "Bip01 R Claw1"
	*NODE_TM {
		*NODE_NAME "Bip01 R Claw2"
		*TM_ROW0 0.992257	-0.1235	-0.0131856
		*TM_ROW1 -0.0686332	-0.456736	-0.886951
		*TM_ROW2 0.103516	0.880988	-0.461675
		*TM_ROW3 -56.7401	-166.205	88.5954
		*TM_POS -56.7401	-166.205	88.5954
		*TM_ROTAXIS 0.99735	-0.065835	0.030952
		*TM_ROTANGLE 2.05226
		*TM_SCALE 1	1	1
		*TM_SCALEAXIS 0	0	0
		*TM_SCALEAXISANG 0	0	0
	}
}
*HELPEROBJECT {
	*NODE_NAME "Bip01 Neck"
	*NODE_PARENT "Bip01 Spine2"
	*NODE_TM {
		*NODE_NAME "Bip01 Neck"
		*TM_ROW0 1.90986e-006	-0.860426	0.509575
		*TM_ROW1 -2.05636e-006	-0.509575	-0.860426
		*TM_ROW2 1	5.36442e-007	-2.56049e-006
		*TM_ROW3 0.00011998	-83.0964	106.083
		*TM_POS 0.00011998	-83.0964	106.083
		*TM_ROTAXIS 0.655844	-0.373817	0.655842
		*TM_ROTANGLE 2.42613
		*TM_SCALE 1	1	1
		*TM_SCALEAXIS 0	0	0
		*TM_SCALEAXISANG 0	0	0
	}
}
*HELPEROBJECT {
	*NODE_NAME "Bip01 Neck1"
	*NODE_PARENT "Bip01 Neck"
	*NODE_TM {
		*NODE_NAME "Bip01 Neck1"
		*TM_ROW0 3.06363e-007	-0.875324	0.483536
		*TM_ROW1 -2.08616e-006	-0.483536	-0.875324
		*TM_ROW2 1	-7.15256e-007	-2.07782e-006
		*TM_ROW3 0.000141994	-99.617	115.892
		*TM_POS 0.000141994	-99.617	115.892
		*TM_ROTAXIS 0.652588	-0.385044	0.652587
		*TM_ROTANGLE 2.4065
		*TM_SCALE 1	1	1
		*TM_SCALEAXIS 0	0	0
		*TM_SCALEAXISANG 0	0	0
	}
}
*HELPEROBJECT {
	*NODE_NAME "Bip01 Head"
	*NODE_PARENT "Bip01 Neck1"
	*NODE_TM {
		*NODE_NAME "Bip01 Head"
		*TM_ROW0 1.19211e-007	1.1051e-006	1
		*TM_ROW1 -1.11829e-006	-1	1.12845e-006
		*TM_ROW2 1	-1.11829e-006	1.1921e-007
		*TM_ROW3 0.000173978	-122.58	128.577
		*TM_POS 0.000173978	-122.58	128.577
		*TM_ROTAXIS 0.707107	-4.66436e-009	0.707107
		*TM_ROTANGLE 3.14159
		*TM_SCALE 1	1	1
		*TM_SCALEAXIS 0	0	0
		*TM_SCALEAXISANG 0	0	0
	}
}
*HELPEROBJECT {
	*NODE_NAME "Bip01 L J1"
	*NODE_PARENT "Bip01 Head"
	*NODE_TM {
		*NODE_NAME "Bip01 L J1"
		*TM_ROW0 1	-6.96501e-006	-2.67816e-006
		*TM_ROW1 7.43426e-006	0.960896	0.276909
		*TM_ROW2 6.44754e-007	-0.276909	0.960896
		*TM_ROW3 20.828	-121.553	114.756
		*TM_POS 20.828	-121.553	114.756
		*TM_ROTAXIS -1	-6e-006	2.6e-005
		*TM_ROTANGLE 0.280576
		*TM_SCALE 1	1	1
		*TM_SCALEAXIS 0	0	0
		*TM_SCALEAXISANG 0	0	0
	}
}
*HELPEROBJECT {
	*NODE_NAME "Bip01 L J"
	*NODE_PARENT "Bip01 Head"
	*NODE_TM {
		*NODE_NAME "Bip01 L J"
		*TM_ROW0 1	-6.96501e-006	-2.67816e-006
		*TM_ROW1 7.43426e-006	0.960896	0.276909
		*TM_ROW2 6.44754e-007	-0.276909	0.960896
		*TM_ROW3 20.828	-121.553	123.758
		*TM_POS 20.828	-121.553	123.758
		*TM_ROTAXIS -1	-6e-006	2.6e-005
		*TM_ROTANGLE 0.280576
		*TM_SCALE 1	1	1
		*TM_SCALEAXIS 0	0	0
		*TM_SCALEAXISANG 0	0	0
	}
}
*HELPEROBJECT {
	*NODE_NAME "Bip01 R J1"
	*NODE_PARENT "Bip01 Head"
	*NODE_TM {
		*NODE_NAME "Bip01 R J1"
		*TM_ROW0 1	-7.8434e-006	-1.10828e-006
		*TM_ROW1 -7.8434e-006	-0.96085	-0.27707
		*TM_ROW2 1.10828e-006	0.27707	-0.96085
		*TM_ROW3 -21.1045	-121.553	114.756
		*TM_POS -21.1045	-121.553	114.756
		*TM_ROTAXIS 1	-4e-006	-0
		*TM_ROTANGLE 2.86085
		*TM_SCALE 1	1	1
		*TM_SCALEAXIS 0	0	0
		*TM_SCALEAXISANG 0	0	0
	}
}
*HELPEROBJECT {
	*NODE_NAME "Bip01 R J"
	*NODE_PARENT "Bip01 Head"
	*NODE_TM {
		*NODE_NAME "Bip01 R J"
		*TM_ROW0 1	-7.8434e-006	-1.10828e-006
		*TM_ROW1 -7.8434e-006	-0.96085	-0.277069
		*TM_ROW2 1.10828e-006	0.277069	-0.96085
		*TM_ROW3 -21.1045	-121.553	123.758
		*TM_POS -21.1045	-121.553	123.758
		*TM_ROTAXIS 1	-4e-006	-2.89892e-014
		*TM_ROTANGLE 2.86085
		*TM_SCALE 1	1	1
		*TM_SCALEAXIS 0	0	0
		*TM_SCALEAXISANG 0	0	0
	}
}
*GEOMOBJECT {
	*NODE_NAME "zm_Fuehler_01"
	*NODE_PARENT "Bip01 Head"
	*NODE_TM {
		*NODE_NAME "zm_Fuehler_01"
		*TM_ROW0 0.966043	0.092331	-0.241324
		*TM_ROW1 -3.57628e-007	-0.933973	-0.357342
		*TM_ROW2 -0.258384	0.345208	-0.902258
		*TM_ROW3 7.08587	-122.836	171.509
		*TM_POS 7.08587	-122.836	171.509
		*TM_ROTAXIS 0.991187	0.024069	-0.130265
		*TM_ROTANGLE 2.77932
		*TM_SCALE 1	1	1
		*TM_SCALEAXIS 0	0	0
		*TM_SCALEAXISANG 0	0	0
	}
	*MATERIAL_REF 0
	*MESH {
		*TIMEVALUE 0
		*MESH_NUMVERTEX 40
		*MESH_NUMFACES 76
		*MESH_VERTEX_LIST {
			*MESH_VERTEX 0	8.76687	-126.094	181.942
			*MESH_VERTEX 1	14.3148	-132.405	195.647
			*MESH_VERTEX 2	13.8087	-131.638	192.521
			*MESH_VERTEX 3	12.5612	-131.46	194.126
			*MESH_VERTEX 4	7.08587	-123.084	171.414
			*MESH_VERTEX 5	9.22946	-125.572	182.01
			*MESH_VERTEX 6	12.6784	-129.586	191.327
			*MESH_VERTEX 7	8.65687	-125.533	182.189
			*MESH_VERTEX 8	7.34043	-122.812	171.445
			*MESH_VERTEX 9	14.1926	-131.037	192.835
			*MESH_VERTEX 10	13.1718	-132.01	192.769
			*MESH_VERTEX 11	6.8313	-122.861	171.572
			*MESH_VERTEX 12	7.08586	-122.589	171.603
			*MESH_VERTEX 13	13.582	-130.487	194.192
			*MESH_VERTEX 14	12.9452	-130.86	194.44
			*MESH_VERTEX 15	9.23731	-125.892	181.885
			*MESH_VERTEX 16	11.9429	-130.279	191.199
			*MESH_VERTEX 17	14.275	-132.553	195.509
			*MESH_VERTEX 18	12.6551	-131.937	193.434
			*MESH_VERTEX 19	14.0988	-130.561	193.527
			*MESH_VERTEX 20	12.6146	-129.902	190.845
			*MESH_VERTEX 21	12.4895	-129.596	191.721
			*MESH_VERTEX 22	8.57946	-125.896	182.072
			*MESH_VERTEX 23	14.4731	-132.364	195.522
			*MESH_VERTEX 24	11.8965	-130.084	191.686
			*MESH_VERTEX 25	14.4333	-132.512	195.384
			*MESH_VERTEX 26	9.03707	-125.437	182.116
			*MESH_VERTEX 27	7.26587	-122.644	171.531
			*MESH_VERTEX 28	6.90586	-123.028	171.487
			*MESH_VERTEX 29	7.26587	-122.994	171.397
			*MESH_VERTEX 30	6.90587	-122.679	171.621
			*MESH_VERTEX 31	14.4022	-132.354	195.613
			*MESH_VERTEX 32	14.2621	-132.488	195.604
			*MESH_VERTEX 33	12.3575	-129.686	191.868
			*MESH_VERTEX 34	14.3459	-132.563	195.418
			*MESH_VERTEX 35	8.85882	-125.432	182.169
			*MESH_VERTEX 36	14.486	-132.429	195.427
			*MESH_VERTEX 37	8.58688	-125.693	182.147
			*MESH_VERTEX 38	12.1483	-129.809	191.949
			*MESH_VERTEX 39	12.0554	-129.922	191.874
		}
		*MESH_FACE_LIST {
			*MESH_FACE    0:    A:    5 B:    6 C:    20 AB:    1 BC:    1 CA:    1	 *MESH_SMOOTHING 1 	*MESH_MTLID 0
			*MESH_FACE    1:    A:    24 B:    39 C:    37 AB:    1 BC:    1 CA:    1	 *MESH_SMOOTHING 1 	*MESH_MTLID 0
			*MESH_FACE    2:    A:    16 B:    24 C:    22 AB:    1 BC:    1 CA:    1	 *MESH_SMOOTHING 1 	*MESH_MTLID 0
			*MESH_FACE    3:    A:    17 B:    18 C:    10 AB:    1 BC:    1 CA:    1	 *MESH_SMOOTHING 1 	*MESH_MTLID 0
			*MESH_FACE    4:    A:    16 B:    0 C:    15 AB:    1 BC:    1 CA:    1	 *MESH_SMOOTHING 1 	*MESH_MTLID 0
			*MESH_FACE    5:    A:    15 B:    0 C:    4 AB:    1 BC:    1 CA:    1	 *MESH_SMOOTHING 1 	*MESH_MTLID 0
			*MESH_FACE    6:    A:    22 B:    37 C:    11 AB:    1 BC:    1 CA:    1	 *MESH_SMOOTHING 1 	*MESH_MTLID 0
			*MESH_FACE    7:    A:    37 B:    22 C:    24 AB:    1 BC:    1 CA:    1	 *MESH_SMOOTHING 1 	*MESH_MTLID 0
			*MESH_FACE    8:    A:    7 B:    38 C:    33 AB:    1 BC:    1 CA:    1	 *MESH_SMOOTHING 1 	*MESH_MTLID 0
			*MESH_FACE    9:    A:    25 B:    2 C:    9 AB:    1 BC:    1 CA:    1	 *MESH_SMOOTHING 1 	*MESH_MTLID 0
			*MESH_FACE    10:    A:    7 B:    35 C:    12 AB:    1 BC:    1 CA:    1	 *MESH_SMOOTHING 1 	*MESH_MTLID 0
			*MESH_FACE    11:    A:    33 B:    35 C:    7 AB:    1 BC:    1 CA:    1	 *MESH_SMOOTHING 1 	*MESH_MTLID 0
			*MESH_FACE    12:    A:    4 B:    29 C:    15 AB:    1 BC:    1 CA:    1	 *MESH_SMOOTHING 1 	*MESH_MTLID 0
			*MESH_FACE    13:    A:    30 B:    11 C:    37 AB:    1 BC:    1 CA:    1	 *MESH_SMOOTHING 1 	*MESH_MTLID 0
			*MESH_FACE    14:    A:    21 B:    19 C:    9 AB:    1 BC:    1 CA:    1	 *MESH_SMOOTHING 1 	*MESH_MTLID 0
			*MESH_FACE    15:    A:    6 B:    9 C:    2 AB:    1 BC:    1 CA:    1	 *MESH_SMOOTHING 1 	*MESH_MTLID 0
			*MESH_FACE    16:    A:    16 B:    10 C:    18 AB:    1 BC:    1 CA:    1	 *MESH_SMOOTHING 1 	*MESH_MTLID 0
			*MESH_FACE    17:    A:    34 B:    10 C:    2 AB:    1 BC:    1 CA:    1	 *MESH_SMOOTHING 1 	*MESH_MTLID 0
			*MESH_FACE    18:    A:    11 B:    8 C:    4 AB:    1 BC:    1 CA:    1	 *MESH_SMOOTHING 1 	*MESH_MTLID 0
			*MESH_FACE    19:    A:    11 B:    28 C:    22 AB:    1 BC:    1 CA:    1	 *MESH_SMOOTHING 1 	*MESH_MTLID 0
			*MESH_FACE    20:    A:    11 B:    12 C:    8 AB:    1 BC:    1 CA:    1	 *MESH_SMOOTHING 1 	*MESH_MTLID 0
			*MESH_FACE    21:    A:    8 B:    27 C:    26 AB:    1 BC:    1 CA:    1	 *MESH_SMOOTHING 1 	*MESH_MTLID 0
			*MESH_FACE    22:    A:    36 B:    9 C:    19 AB:    1 BC:    1 CA:    1	 *MESH_SMOOTHING 1 	*MESH_MTLID 0
			*MESH_FACE    23:    A:    1 B:    14 C:    3 AB:    1 BC:    1 CA:    1	 *MESH_SMOOTHING 1 	*MESH_MTLID 0
			*MESH_FACE    24:    A:    31 B:    13 C:    14 AB:    1 BC:    1 CA:    1	 *MESH_SMOOTHING 1 	*MESH_MTLID 0
			*MESH_FACE    25:    A:    13 B:    33 C:    38 AB:    1 BC:    1 CA:    1	 *MESH_SMOOTHING 1 	*MESH_MTLID 0
			*MESH_FACE    26:    A:    5 B:    15 C:    29 AB:    1 BC:    1 CA:    1	 *MESH_SMOOTHING 1 	*MESH_MTLID 0
			*MESH_FACE    27:    A:    20 B:    15 C:    5 AB:    1 BC:    1 CA:    1	 *MESH_SMOOTHING 1 	*MESH_MTLID 0
			*MESH_FACE    28:    A:    10 B:    16 C:    20 AB:    1 BC:    1 CA:    1	 *MESH_SMOOTHING 1 	*MESH_MTLID 0
			*MESH_FACE    29:    A:    15 B:    20 C:    16 AB:    1 BC:    1 CA:    1	 *MESH_SMOOTHING 1 	*MESH_MTLID 0
			*MESH_FACE    30:    A:    10 B:    34 C:    17 AB:    1 BC:    1 CA:    1	 *MESH_SMOOTHING 1 	*MESH_MTLID 0
			*MESH_FACE    31:    A:    18 B:    17 C:    32 AB:    1 BC:    1 CA:    1	 *MESH_SMOOTHING 1 	*MESH_MTLID 0
			*MESH_FACE    32:    A:    18 B:    24 C:    16 AB:    1 BC:    1 CA:    1	 *MESH_SMOOTHING 1 	*MESH_MTLID 0
			*MESH_FACE    33:    A:    32 B:    3 C:    18 AB:    1 BC:    1 CA:    1	 *MESH_SMOOTHING 1 	*MESH_MTLID 0
			*MESH_FACE    34:    A:    33 B:    13 C:    19 AB:    1 BC:    1 CA:    1	 *MESH_SMOOTHING 1 	*MESH_MTLID 0
			*MESH_FACE    35:    A:    23 B:    19 C:    13 AB:    1 BC:    1 CA:    1	 *MESH_SMOOTHING 1 	*MESH_MTLID 0
			*MESH_FACE    36:    A:    2 B:    20 C:    6 AB:    1 BC:    1 CA:    1	 *MESH_SMOOTHING 1 	*MESH_MTLID 0
			*MESH_FACE    37:    A:    20 B:    2 C:    10 AB:    1 BC:    1 CA:    1	 *MESH_SMOOTHING 1 	*MESH_MTLID 0
			*MESH_FACE    38:    A:    9 B:    6 C:    21 AB:    1 BC:    1 CA:    1	 *MESH_SMOOTHING 1 	*MESH_MTLID 0
			*MESH_FACE    39:    A:    26 B:    21 C:    6 AB:    1 BC:    1 CA:    1	 *MESH_SMOOTHING 1 	*MESH_MTLID 0
			*MESH_FACE    40:    A:    0 B:    22 C:    28 AB:    1 BC:    1 CA:    1	 *MESH_SMOOTHING 1 	*MESH_MTLID 0
			*MESH_FACE    41:    A:    22 B:    0 C:    16 AB:    1 BC:    1 CA:    1	 *MESH_SMOOTHING 1 	*MESH_MTLID 0
			*MESH_FACE    42:    A:    13 B:    31 C:    23 AB:    1 BC:    1 CA:    1	 *MESH_SMOOTHING 1 	*MESH_MTLID 0
			*MESH_FACE    43:    A:    34 B:    32 C:    17 AB:    1 BC:    1 CA:    1	 *MESH_SMOOTHING 1 	*MESH_MTLID 0
			*MESH_FACE    44:    A:    3 B:    39 C:    24 AB:    1 BC:    1 CA:    1	 *MESH_SMOOTHING 1 	*MESH_MTLID 0
			*MESH_FACE    45:    A:    24 B:    18 C:    3 AB:    1 BC:    1 CA:    1	 *MESH_SMOOTHING 1 	*MESH_MTLID 0
			*MESH_FACE    46:    A:    36 B:    23 C:    31 AB:    1 BC:    1 CA:    1	 *MESH_SMOOTHING 1 	*MESH_MTLID 0
			*MESH_FACE    47:    A:    19 B:    23 C:    36 AB:    1 BC:    1 CA:    1	 *MESH_SMOOTHING 1 	*MESH_MTLID 0
			*MESH_FACE    48:    A:    26 B:    5 C:    8 AB:    1 BC:    1 CA:    1	 *MESH_SMOOTHING 1 	*MESH_MTLID 0
			*MESH_FACE    49:    A:    6 B:    5 C:    26 AB:    1 BC:    1 CA:    1	 *MESH_SMOOTHING 1 	*MESH_MTLID 0
			*MESH_FACE    50:    A:    12 B:    27 C:    8 AB:    1 BC:    1 CA:    1	 *MESH_SMOOTHING 1 	*MESH_MTLID 0
			*MESH_FACE    51:    A:    27 B:    12 C:    35 AB:    1 BC:    1 CA:    1	 *MESH_SMOOTHING 1 	*MESH_MTLID 0
			*MESH_FACE    52:    A:    11 B:    4 C:    28 AB:    1 BC:    1 CA:    1	 *MESH_SMOOTHING 1 	*MESH_MTLID 0
			*MESH_FACE    53:    A:    28 B:    4 C:    0 AB:    1 BC:    1 CA:    1	 *MESH_SMOOTHING 1 	*MESH_MTLID 0
			*MESH_FACE    54:    A:    8 B:    29 C:    4 AB:    1 BC:    1 CA:    1	 *MESH_SMOOTHING 1 	*MESH_MTLID 0
			*MESH_FACE    55:    A:    29 B:    8 C:    5 AB:    1 BC:    1 CA:    1	 *MESH_SMOOTHING 1 	*MESH_MTLID 0
			*MESH_FACE    56:    A:    11 B:    30 C:    12 AB:    1 BC:    1 CA:    1	 *MESH_SMOOTHING 1 	*MESH_MTLID 0
			*MESH_FACE    57:    A:    12 B:    30 C:    7 AB:    1 BC:    1 CA:    1	 *MESH_SMOOTHING 1 	*MESH_MTLID 0
			*MESH_FACE    58:    A:    14 B:    1 C:    31 AB:    1 BC:    1 CA:    1	 *MESH_SMOOTHING 1 	*MESH_MTLID 0
			*MESH_FACE    59:    A:    34 B:    31 C:    32 AB:    1 BC:    1 CA:    1	 *MESH_SMOOTHING 1 	*MESH_MTLID 0
			*MESH_FACE    60:    A:    3 B:    32 C:    1 AB:    1 BC:    1 CA:    1	 *MESH_SMOOTHING 1 	*MESH_MTLID 0
			*MESH_FACE    61:    A:    31 B:    1 C:    32 AB:    1 BC:    1 CA:    1	 *MESH_SMOOTHING 1 	*MESH_MTLID 0
			*MESH_FACE    62:    A:    19 B:    21 C:    33 AB:    1 BC:    1 CA:    1	 *MESH_SMOOTHING 1 	*MESH_MTLID 0
			*MESH_FACE    63:    A:    35 B:    33 C:    21 AB:    1 BC:    1 CA:    1	 *MESH_SMOOTHING 1 	*MESH_MTLID 0
			*MESH_FACE    64:    A:    2 B:    25 C:    34 AB:    1 BC:    1 CA:    1	 *MESH_SMOOTHING 1 	*MESH_MTLID 0
			*MESH_FACE    65:    A:    34 B:    36 C:    31 AB:    1 BC:    1 CA:    1	 *MESH_SMOOTHING 1 	*MESH_MTLID 0
			*MESH_FACE    66:    A:    35 B:    26 C:    27 AB:    1 BC:    1 CA:    1	 *MESH_SMOOTHING 1 	*MESH_MTLID 0
			*MESH_FACE    67:    A:    21 B:    26 C:    35 AB:    1 BC:    1 CA:    1	 *MESH_SMOOTHING 1 	*MESH_MTLID 0
			*MESH_FACE    68:    A:    9 B:    36 C:    25 AB:    1 BC:    1 CA:    1	 *MESH_SMOOTHING 1 	*MESH_MTLID 0
			*MESH_FACE    69:    A:    34 B:    25 C:    36 AB:    1 BC:    1 CA:    1	 *MESH_SMOOTHING 1 	*MESH_MTLID 0
			*MESH_FACE    70:    A:    37 B:    7 C:    30 AB:    1 BC:    1 CA:    1	 *MESH_SMOOTHING 1 	*MESH_MTLID 0
			*MESH_FACE    71:    A:    38 B:    7 C:    37 AB:    1 BC:    1 CA:    1	 *MESH_SMOOTHING 1 	*MESH_MTLID 0
			*MESH_FACE    72:    A:    38 B:    14 C:    13 AB:    1 BC:    1 CA:    1	 *MESH_SMOOTHING 1 	*MESH_MTLID 0
			*MESH_FACE    73:    A:    39 B:    3 C:    14 AB:    1 BC:    1 CA:    1	 *MESH_SMOOTHING 1 	*MESH_MTLID 0
			*MESH_FACE    74:    A:    14 B:    38 C:    39 AB:    1 BC:    1 CA:    1	 *MESH_SMOOTHING 1 	*MESH_MTLID 0
			*MESH_FACE    75:    A:    37 B:    39 C:    38 AB:    1 BC:    1 CA:    1	 *MESH_SMOOTHING 1 	*MESH_MTLID 0
		}
		*MESH_NUMTVERTEX 61
		*MESH_TVERTLIST {
			*MESH_TVERT 0	0.860508	0.523319	0
			*MESH_TVERT 1	1.27806	0.759469	0
			*MESH_TVERT 2	1.03901	0.689582	0
			*MESH_TVERT 3	0.70742	0.712729	0
			*MESH_TVERT 4	0.755847	0.718361	0
			*MESH_TVERT 5	0.8133	0.523319	0
			*MESH_TVERT 6	0.630893	0.699628	0
			*MESH_TVERT 7	0.736505	0.313706	0
			*MESH_TVERT 8	0.263321	0.994967	0
			*MESH_TVERT 9	0.583474	0.83956	0
			*MESH_TVERT 10	0.362255	0.835683	0
			*MESH_TVERT 11	0.634378	0.33367	0
			*MESH_TVERT 12	0.840404	0.523319	0
			*MESH_TVERT 13	0.431933	0.270001	0
			*MESH_TVERT 14	0.504797	0.270001	0
			*MESH_TVERT 15	0.825657	0.523319	0
			*MESH_TVERT 16	0.827505	0.831831	0
			*MESH_TVERT 17	1.34469	0.80035	0
			*MESH_TVERT 18	0.23157	0.990301	0
			*MESH_TVERT 19	0.234223	0.825525	0
			*MESH_TVERT 20	0.107365	0.835	0
			*MESH_TVERT 21	-0.075159	0.372305	0
			*MESH_TVERT 22	-0.05478	0.372305	0
			*MESH_TVERT 23	0.225015	0.00049901	0
			*MESH_TVERT 24	0.831263	0.553264	0
			*MESH_TVERT 25	1.07885	0.270001	0
			*MESH_TVERT 26	0.352043	0.00049901	0
			*MESH_TVERT 27	-0.377195	0.00049901	0
			*MESH_TVERT 28	-0.091314	0.372305	0
			*MESH_TVERT 29	1.31759	0.797128	0
			*MESH_TVERT 30	0.868197	0.872983	0
			*MESH_TVERT 31	0.766856	0.856842	0
			*MESH_TVERT 32	-0.178012	0.713135	0
			*MESH_TVERT 33	0.252241	0.991695	0
			*MESH_TVERT 34	0.320702	0.00049901	0
			*MESH_TVERT 35	0.471122	0.270001	0
			*MESH_TVERT 36	0.269551	0.00049901	0
			*MESH_TVERT 37	-0.040586	0.372305	0
			*MESH_TVERT 38	0.21055	0.991601	0
			*MESH_TVERT 39	-0.020606	0.858556	0
			*MESH_TVERT 40	1.36921	1.02945	0
			*MESH_TVERT 41	1.22024	0.956167	0
			*MESH_TVERT 42	1.70288	0.949675	0
			*MESH_TVERT 43	1.34918	1.02849	0
			*MESH_TVERT 44	0.977062	0.919262	0
			*MESH_TVERT 45	-0.029595	0.372305	0
			*MESH_TVERT 46	-0.055878	0.372305	0
			*MESH_TVERT 47	0.37331	0.00049901	0
			*MESH_TVERT 48	0.767021	1.25158	0
			*MESH_TVERT 49	0.996944	1.16513	0
			*MESH_TVERT 50	0.467239	1.15489	0
			*MESH_TVERT 51	0.25577	0.9982	0
			*MESH_TVERT 52	0.740589	0.56367	0
			*MESH_TVERT 53	0.198347	0.994834	0
			*MESH_TVERT 54	-0.170684	0.882396	0
			*MESH_TVERT 55	-0.016304	0.694562	0
			*MESH_TVERT 56	0.665632	1.24462	0
			*MESH_TVERT 57	0.852102	0.523319	0
			*MESH_TVERT 58	0.204115	0.998106	0
			*MESH_TVERT 59	1.39008	1.02855	0
			*MESH_TVERT 60	0.229403	0.999501	0
		}
		*MESH_NUMTVFACES 76
		*MESH_TFACELIST {
			*MESH_TFACE 0	0	1	2
			*MESH_TFACE 1	3	4	5
			*MESH_TFACE 2	6	3	7
			*MESH_TFACE 3	8	9	10
			*MESH_TFACE 4	6	11	12
			*MESH_TFACE 5	12	11	13
			*MESH_TFACE 6	7	5	14
			*MESH_TFACE 7	5	7	3
			*MESH_TFACE 8	15	16	17
			*MESH_TFACE 9	18	19	20
			*MESH_TFACE 10	21	22	23
			*MESH_TFACE 11	17	24	15
			*MESH_TFACE 12	13	25	12
			*MESH_TFACE 13	26	27	28
			*MESH_TFACE 14	29	30	31
			*MESH_TFACE 15	32	20	19
			*MESH_TFACE 16	6	10	9
			*MESH_TFACE 17	33	10	19
			*MESH_TFACE 18	14	34	13
			*MESH_TFACE 19	14	35	7
			*MESH_TFACE 20	14	23	34
			*MESH_TFACE 21	34	36	37
			*MESH_TFACE 22	38	20	39
			*MESH_TFACE 23	40	41	42
			*MESH_TFACE 24	43	44	41
			*MESH_TFACE 25	44	17	16
			*MESH_TFACE 26	45	46	47
			*MESH_TFACE 27	2	12	0
			*MESH_TFACE 28	48	49	50
			*MESH_TFACE 29	12	2	6
			*MESH_TFACE 30	10	33	8
			*MESH_TFACE 31	9	8	51
			*MESH_TFACE 32	9	3	6
			*MESH_TFACE 33	51	52	9
			*MESH_TFACE 34	17	44	30
			*MESH_TFACE 35	53	39	54
			*MESH_TFACE 36	19	55	32
			*MESH_TFACE 37	50	56	48
			*MESH_TFACE 38	31	1	29
			*MESH_TFACE 39	57	29	1
			*MESH_TFACE 40	11	7	35
			*MESH_TFACE 41	7	11	6
			*MESH_TFACE 42	54	58	53
			*MESH_TFACE 43	33	51	8
			*MESH_TFACE 44	52	4	3
			*MESH_TFACE 45	3	9	52
			*MESH_TFACE 46	38	53	58
			*MESH_TFACE 47	39	53	38
			*MESH_TFACE 48	37	45	34
			*MESH_TFACE 49	1	0	57
			*MESH_TFACE 50	23	36	34
			*MESH_TFACE 51	36	23	22
			*MESH_TFACE 52	14	13	35
			*MESH_TFACE 53	35	13	11
			*MESH_TFACE 54	34	47	13
			*MESH_TFACE 55	47	34	45
			*MESH_TFACE 56	14	26	23
			*MESH_TFACE 57	23	26	21
			*MESH_TFACE 58	41	40	43
			*MESH_TFACE 59	33	58	51
			*MESH_TFACE 60	42	59	40
			*MESH_TFACE 61	58	60	51
			*MESH_TFACE 62	30	29	17
			*MESH_TFACE 63	24	17	29
			*MESH_TFACE 64	19	18	33
			*MESH_TFACE 65	33	38	58
			*MESH_TFACE 66	22	37	36
			*MESH_TFACE 67	29	57	24
			*MESH_TFACE 68	20	38	18
			*MESH_TFACE 69	33	18	38
			*MESH_TFACE 70	28	21	26
			*MESH_TFACE 71	16	15	5
			*MESH_TFACE 72	16	41	44
			*MESH_TFACE 73	4	52	41
			*MESH_TFACE 74	41	16	4
			*MESH_TFACE 75	5	4	16
		}
	}
}
*HELPEROBJECT {
	*NODE_NAME "Bip01 L Clavicle"
	*NODE_PARENT "Bip01 Neck"
	*NODE_TM {
		*NODE_NAME "Bip01 L Clavicle"
		*TM_ROW0 0.999676	0.0230802	-0.0107617
		*TM_ROW1 -7.20843e-007	0.422619	0.906308
		*TM_ROW2 0.0254659	-0.906014	0.422482
		*TM_ROW3 17.2016	-47.8037	91.2462
		*TM_POS 17.2016	-47.8037	91.2462
		*TM_ROTAXIS -0.999719	-0.019984	-0.012732
		*TM_ROTANGLE 1.13472
		*TM_SCALE 1	1	1
		*TM_SCALEAXIS 0	0	0
		*TM_SCALEAXISANG 0	0	0
	}
}
*HELPEROBJECT {
	*NODE_NAME "Bip01 L UpperArm"
	*NODE_PARENT "Bip01 L Clavicle"
	*NODE_TM {
		*NODE_NAME "Bip01 L UpperArm"
		*TM_ROW0 0.873434	-0.346233	0.342397
		*TM_ROW1 -0.245115	0.294956	0.923536
		*TM_ROW2 -0.420751	-0.890575	0.172758
		*TM_ROW3 29.3959	-47.5222	91.1149
		*TM_POS 29.3959	-47.5222	91.1149
		*TM_ROTAXIS -0.920546	0.387249	0.051311
		*TM_ROTANGLE 1.39938
		*TM_SCALE 1	1	1
		*TM_SCALEAXIS 0	0	0
		*TM_SCALEAXISANG 0	0	0
	}
}
*HELPEROBJECT {
	*NODE_NAME "Bip01 L Forearm"
	*NODE_PARENT "Bip01 L UpperArm"
	*NODE_TM {
		*NODE_NAME "Bip01 L Forearm"
		*TM_ROW0 0.331439	-0.328179	-0.88456
		*TM_ROW1 0.844462	-0.314922	0.433253
		*TM_ROW2 -0.420752	-0.890574	0.172757
		*TM_ROW3 79.0557	-67.2076	110.582
		*TM_POS 79.0557	-67.2076	110.582
		*TM_ROTAXIS -0.724071	-0.253681	0.641379
		*TM_ROTANGLE 1.98817
		*TM_SCALE 1	1	1
		*TM_SCALEAXIS 0	0	0
		*TM_SCALEAXISANG 0	0	0
	}
}
*HELPEROBJECT {
	*NODE_NAME "Bip01 L Hand"
	*NODE_PARENT "Bip01 L Forearm"
	*NODE_TM {
		*NODE_NAME "Bip01 L Hand"
		*TM_ROW0 0.331439	-0.328179	-0.88456
		*TM_ROW1 0.1073	0.944583	-0.310243
		*TM_ROW2 0.937355	0.00791309	0.348286
		*TM_ROW3 116.918	-104.697	9.53376
		*TM_POS 116.918	-104.697	9.53376
		*TM_ROTAXIS 0.167445	-0.958871	0.229192
		*TM_ROTANGLE 1.25334
		*TM_SCALE 1	1	1
		*TM_SCALEAXIS 0	0	0
		*TM_SCALEAXISANG 0	0	0
	}
}
*HELPEROBJECT {
	*NODE_NAME "Bip01 R Clavicle"
	*NODE_PARENT "Bip01 Neck"
	*NODE_TM {
		*NODE_NAME "Bip01 R Clavicle"
		*TM_ROW0 -0.999676	0.0230764	-0.0107619
		*TM_ROW1 -1.07195e-006	0.422619	0.906308
		*TM_ROW2 0.0254625	0.906014	-0.422482
		*TM_ROW3 -17.2014	-47.8038	91.2462
		*TM_POS -17.2014	-47.8038	91.2462
		*TM_ROTAXIS 0.006841	0.843372	0.537287
		*TM_ROTANGLE 3.16307
		*TM_SCALE 1	1	1
		*TM_SCALEAXIS 0	0	0
		*TM_SCALEAXISANG 0	0	0
	}
}
*HELPEROBJECT {
	*NODE_NAME "Bip01 R UpperArm"
	*NODE_PARENT "Bip01 R Clavicle"
	*NODE_TM {
		*NODE_NAME "Bip01 R UpperArm"
		*TM_ROW0 -0.873433	-0.346237	0.342396
		*TM_ROW1 0.245114	0.294957	0.923537
		*TM_ROW2 -0.420755	0.890573	-0.172757
		*TM_ROW3 -29.3957	-47.5223	91.1149
		*TM_POS -29.3957	-47.5223	91.1149
		*TM_ROTAXIS -0.034123	0.79	0.612156
		*TM_ROTANGLE 2.63751
		*TM_SCALE 1	1	1
		*TM_SCALEAXIS 0	0	0
		*TM_SCALEAXISANG 0	0	0
	}
}
*HELPEROBJECT {
	*NODE_NAME "Bip01 R Forearm"
	*NODE_PARENT "Bip01 R UpperArm"
	*NODE_TM {
		*NODE_NAME "Bip01 R Forearm"
		*TM_ROW0 -0.331439	-0.32818	-0.88456
		*TM_ROW1 -0.844461	-0.314924	0.433254
		*TM_ROW2 -0.420754	0.890574	-0.172757
		*TM_ROW3 -79.0555	-67.2079	110.582
		*TM_POS -79.0555	-67.2079	110.582
		*TM_ROTAXIS 0.550228	-0.558032	-0.621168
		*TM_ROTANGLE 2.71302
		*TM_SCALE 1	1	1
		*TM_SCALEAXIS 0	0	0
		*TM_SCALEAXISANG 0	0	0
	}
}
*HELPEROBJECT {
	*NODE_NAME "Bip01 R Hand"
	*NODE_PARENT "Bip01 R Forearm"
	*NODE_TM {
		*NODE_NAME "Bip01 R Hand"
		*TM_ROW0 -0.331438	-0.328179	-0.88456
		*TM_ROW1 -0.107303	0.944582	-0.310242
		*TM_ROW2 0.937355	-0.00790971	-0.348286
		*TM_ROW3 -116.918	-104.698	9.53376
		*TM_POS -116.918	-104.698	9.53376
		*TM_ROTAXIS 0.162545	-0.979529	0.118751
		*TM_ROTANGLE 1.94719
		*TM_SCALE 1	1	1
		*TM_SCALEAXIS 0	0	0
		*TM_SCALEAXISANG 0	0	0
	}
}
*HELPEROBJECT {
	*NODE_NAME "Bip01 L Thigh"
	*NODE_PARENT "Bip01 Spine"
	*NODE_TM {
		*NODE_NAME "Bip01 L Thigh"
		*TM_ROW0 0.870208	0.434415	0.232427
		*TM_ROW1 -0.187401	-0.144445	0.971605
		*TM_ROW2 0.455653	-0.889055	-0.0442873
		*TM_ROW3 19.0481	-0.0871434	80.5441
		*TM_POS 19.0481	-0.0871434	80.5441
		*TM_ROTAXIS -0.942358	-0.113056	-0.314928
		*TM_ROTANGLE 1.73074
		*TM_SCALE 1	1	1
		*TM_SCALEAXIS 0	0	0
		*TM_SCALEAXISANG 0	0	0
	}
}
*HELPEROBJECT {
	*NODE_NAME "Bip01 L Calf"
	*NODE_PARENT "Bip01 L Thigh"
	*NODE_TM {
		*NODE_NAME "Bip01 L Calf"
		*TM_ROW0 0.332405	0.216094	-0.918047
		*TM_ROW1 0.825765	0.403589	0.39399
		*TM_ROW2 0.455652	-0.889055	-0.0442874
		*TM_ROW3 58.4082	19.5617	91.0569
		*TM_POS 58.4082	19.5617	91.0569
		*TM_ROTAXIS -0.649283	-0.695158	0.308523
		*TM_ROTANGLE 1.72556
		*TM_SCALE 1	1	1
		*TM_SCALEAXIS 0	0	0
		*TM_SCALEAXISANG 0	0	0
	}
}
*HELPEROBJECT {
	*NODE_NAME "Bip01 L Foot"
	*NODE_PARENT "Bip01 L Calf"
	*NODE_TM {
		*NODE_NAME "Bip01 L Foot"
		*TM_ROW0 1.19384e-007	-4.4055e-007	-1
		*TM_ROW1 4.15359e-007	-1	4.40081e-007
		*TM_ROW2 -1	-4.28871e-007	1.11257e-007
		*TM_ROW3 84.2619	36.369	19.6533
		*TM_POS 84.2619	36.369	19.6533
		*TM_ROTAXIS 0.707107	-8.90626e-009	-0.707107
		*TM_ROTANGLE 3.14159
		*TM_SCALE 1	1	1
		*TM_SCALEAXIS 0	0	0
		*TM_SCALEAXISANG 0	0	0
	}
}
*HELPEROBJECT {
	*NODE_NAME "Bip01 L Toe0"
	*NODE_PARENT "Bip01 L Foot"
	*NODE_TM {
		*NODE_NAME "Bip01 L Toe0"
		*TM_ROW0 1.78779e-006	-1	8.55431e-008
		*TM_ROW1 8.92329e-008	1.44049e-007	1
		*TM_ROW2 -1	-1.71346e-006	1.39492e-007
		*TM_ROW3 84.2619	27.6895	8.86253
		*TM_POS 84.2619	27.6895	8.86253
		*TM_ROTAXIS -0.577351	0.57735	0.57735
		*TM_ROTANGLE 2.09439
		*TM_SCALE 1	1	1
		*TM_SCALEAXIS 0	0	0
		*TM_SCALEAXISANG 0	0	0
	}
}
*HELPEROBJECT {
	*NODE_NAME "Bip01 R Thigh"
	*NODE_PARENT "Bip01 Spine"
	*NODE_TM {
		*NODE_NAME "Bip01 R Thigh"
		*TM_ROW0 -0.870209	0.434413	0.232428
		*TM_ROW1 0.187402	-0.144445	0.971605
		*TM_ROW2 0.45565	0.889057	0.0442873
		*TM_ROW3 -19.048	-0.0871969	80.5441
		*TM_POS -19.048	-0.0871969	80.5441
		*TM_ROTAXIS -0.240658	-0.650774	-0.720123
		*TM_ROTANGLE 2.96923
		*TM_SCALE 1	1	1
		*TM_SCALEAXIS 0	0	0
		*TM_SCALEAXISANG 0	0	0
	}
}
*HELPEROBJECT {
	*NODE_NAME "Bip01 R Calf"
	*NODE_PARENT "Bip01 R Thigh"
	*NODE_TM {
		*NODE_NAME "Bip01 R Calf"
		*TM_ROW0 -0.332405	0.216092	-0.918047
		*TM_ROW1 -0.825766	0.403586	0.393989
		*TM_ROW2 0.455649	0.889057	0.0442871
		*TM_ROW3 -58.4082	19.5616	91.0569
		*TM_POS -58.4082	19.5616	91.0569
		*TM_ROTAXIS 0.275993	-0.765816	-0.580821
		*TM_ROTANGLE 2.02892
		*TM_SCALE 1	1	1
		*TM_SCALEAXIS 0	0	0
		*TM_SCALEAXISANG 0	0	0
	}
}
*HELPEROBJECT {
	*NODE_NAME "Bip01 R Foot"
	*NODE_PARENT "Bip01 R Calf"
	*NODE_TM {
		*NODE_NAME "Bip01 R Foot"
		*TM_ROW0 1.45092e-007	-4.48811e-007	-1
		*TM_ROW1 4.23242e-007	-1	4.48349e-007
		*TM_ROW2 -1	-4.56214e-007	1.01455e-007
		*TM_ROW3 -84.2619	36.3688	19.6533
		*TM_POS -84.2619	36.3688	19.6533
		*TM_ROTAXIS 0.707107	-9.04005e-009	-0.707107
		*TM_ROTANGLE 3.14159
		*TM_SCALE 1	1	1
		*TM_SCALEAXIS 0	0	0
		*TM_SCALEAXISANG 0	0	0
	}
}
*HELPEROBJECT {
	*NODE_NAME "Bip01 R Toe0"
	*NODE_PARENT "Bip01 R Foot"
	*NODE_TM {
		*NODE_NAME "Bip01 R Toe0"
		*TM_ROW0 1.79567e-006	-1	9.38114e-008
		*TM_ROW1 6.35242e-008	1.5231e-007	1
		*TM_ROW2 -1	-1.7408e-006	1.2969e-007
		*TM_ROW3 -84.2619	27.6892	8.86254
		*TM_POS -84.2619	27.6892	8.86254
		*TM_ROTAXIS -0.577351	0.57735	0.57735
		*TM_ROTANGLE 2.09439
		*TM_SCALE 1	1	1
		*TM_SCALEAXIS 0	0	0
		*TM_SCALEAXISANG 0	0	0
	}
}
*GEOMOBJECT {
	*NODE_NAME "zm_Frill"
	*NODE_PARENT "Bip01 L Claw"
	*NODE_TM {
		*NODE_NAME "zm_Frill"
		*TM_ROW0 0.893131	0.445028	0.0653226
		*TM_ROW1 -0.417043	0.764911	0.490904
		*TM_ROW2 0.1685	-0.465684	0.868761
		*TM_ROW3 22.3473	-79.7275	112.805
		*TM_POS 22.3473	-79.7275	112.805
		*TM_ROTAXIS -0.74048	-0.079868	-0.667316
		*TM_ROTANGLE 0.702233
		*TM_SCALE 1	1	1
		*TM_SCALEAXIS 0	0	0
		*TM_SCALEAXISANG 0	0	0
	}
	*MATERIAL_REF 0
	*MESH {
		*TIMEVALUE 0
		*MESH_NUMVERTEX 13
		*MESH_NUMFACES 22
		*MESH_VERTEX_LIST {
			*MESH_VERTEX 0	57.1667	-134.199	62.8816
			*MESH_VERTEX 1	24.3226	-78.0443	104.871
			*MESH_VERTEX 2	33.2213	-122.573	67.6496
			*MESH_VERTEX 3	68.8676	-116.381	69.1509
			*MESH_VERTEX 4	27.937	-86.7017	114.954
			*MESH_VERTEX 5	48.275	-135.414	71.1736
			*MESH_VERTEX 6	61.879	-129.91	73.392
			*MESH_VERTEX 7	55.2485	-118.332	62.0841
			*MESH_VERTEX 8	53.5304	-129.325	81.2124
			*MESH_VERTEX 9	51.6484	-121.972	77.9721
			*MESH_VERTEX 10	22.7226	-77.5856	113.643
			*MESH_VERTEX 11	19.8383	-85.3374	109.57
			*MESH_VERTEX 12	31.0861	-77.9578	109.999
		}
		*MESH_FACE_LIST {
			*MESH_FACE    0:    A:    7 B:    2 C:    1 AB:    1 BC:    1 CA:    1	 *MESH_SMOOTHING 1 	*MESH_MTLID 0
			*MESH_FACE    1:    A:    2 B:    9 C:    4 AB:    1 BC:    1 CA:    1	 *MESH_SMOOTHING 1 	*MESH_MTLID 0
			*MESH_FACE    2:    A:    4 B:    9 C:    3 AB:    1 BC:    1 CA:    1	 *MESH_SMOOTHING 1 	*MESH_MTLID 0
			*MESH_FACE    3:    A:    3 B:    7 C:    1 AB:    1 BC:    1 CA:    1	 *MESH_SMOOTHING 1 	*MESH_MTLID 0
			*MESH_FACE    4:    A:    3 B:    12 C:    4 AB:    1 BC:    1 CA:    1	 *MESH_SMOOTHING 1 	*MESH_MTLID 0
			*MESH_FACE    5:    A:    4 B:    11 C:    2 AB:    1 BC:    1 CA:    1	 *MESH_SMOOTHING 1 	*MESH_MTLID 0
			*MESH_FACE    6:    A:    2 B:    7 C:    5 AB:    1 BC:    1 CA:    1	 *MESH_SMOOTHING 1 	*MESH_MTLID 0
			*MESH_FACE    7:    A:    7 B:    3 C:    6 AB:    1 BC:    1 CA:    1	 *MESH_SMOOTHING 1 	*MESH_MTLID 0
			*MESH_FACE    8:    A:    6 B:    3 C:    9 AB:    1 BC:    1 CA:    1	 *MESH_SMOOTHING 1 	*MESH_MTLID 0
			*MESH_FACE    9:    A:    0 B:    6 C:    5 AB:    1 BC:    1 CA:    1	 *MESH_SMOOTHING 1 	*MESH_MTLID 0
			*MESH_FACE    10:    A:    0 B:    5 C:    7 AB:    1 BC:    1 CA:    1	 *MESH_SMOOTHING 1 	*MESH_MTLID 0
			*MESH_FACE    11:    A:    6 B:    0 C:    7 AB:    1 BC:    1 CA:    1	 *MESH_SMOOTHING 1 	*MESH_MTLID 0
			*MESH_FACE    12:    A:    8 B:    5 C:    6 AB:    1 BC:    1 CA:    1	 *MESH_SMOOTHING 1 	*MESH_MTLID 0
			*MESH_FACE    13:    A:    9 B:    2 C:    5 AB:    1 BC:    1 CA:    1	 *MESH_SMOOTHING 1 	*MESH_MTLID 0
			*MESH_FACE    14:    A:    9 B:    8 C:    6 AB:    1 BC:    1 CA:    1	 *MESH_SMOOTHING 1 	*MESH_MTLID 0
			*MESH_FACE    15:    A:    5 B:    8 C:    9 AB:    1 BC:    1 CA:    1	 *MESH_SMOOTHING 1 	*MESH_MTLID 0
			*MESH_FACE    16:    A:    1 B:    12 C:    3 AB:    1 BC:    1 CA:    1	 *MESH_SMOOTHING 1 	*MESH_MTLID 0
			*MESH_FACE    17:    A:    11 B:    1 C:    2 AB:    1 BC:    1 CA:    1	 *MESH_SMOOTHING 1 	*MESH_MTLID 0
			*MESH_FACE    18:    A:    1 B:    11 C:    10 AB:    1 BC:    1 CA:    1	 *MESH_SMOOTHING 1 	*MESH_MTLID 0
			*MESH_FACE    19:    A:    11 B:    4 C:    10 AB:    1 BC:    1 CA:    1	 *MESH_SMOOTHING 1 	*MESH_MTLID 0
			*MESH_FACE    20:    A:    10 B:    4 C:    12 AB:    1 BC:    1 CA:    1	 *MESH_SMOOTHING 1 	*MESH_MTLID 0
			*MESH_FACE    21:    A:    12 B:    1 C:    10 AB:    1 BC:    1 CA:    1	 *MESH_SMOOTHING 1 	*MESH_MTLID 0
		}
		*MESH_NUMTVERTEX 17
		*MESH_TVERTLIST {
			*MESH_TVERT 0	0.070159	0.335873	0
			*MESH_TVERT 1	0.145737	0.325673	0
			*MESH_TVERT 2	0.256561	0.465846	0
			*MESH_TVERT 3	0.086739	0.348596	0
			*MESH_TVERT 4	0.156033	0.485563	0
			*MESH_TVERT 5	0.146588	0.3256	0
			*MESH_TVERT 6	0.206195	0.476977	0
			*MESH_TVERT 7	0.208356	0.475738	0
			*MESH_TVERT 8	0.136311	0.253283	0
			*MESH_TVERT 9	0.13937	0.252181	0
			*MESH_TVERT 10	0.23343	0.319808	0
			*MESH_TVERT 11	0.201507	0.287032	0
			*MESH_TVERT 12	0.201824	0.341035	0
			*MESH_TVERT 13	0.1087	0.268783	0
			*MESH_TVERT 14	0.167849	0.312104	0
			*MESH_TVERT 15	0.10893	0.256868	0
			*MESH_TVERT 16	0.231462	0.501501	0
		}
		*MESH_NUMTVFACES 22
		*MESH_TFACELIST {
			*MESH_TFACE 0	0	1	2
			*MESH_TFACE 1	1	3	4
			*MESH_TFACE 2	4	3	5
			*MESH_TFACE 3	5	0	2
			*MESH_TFACE 4	5	6	4
			*MESH_TFACE 5	4	7	1
			*MESH_TFACE 6	1	0	8
			*MESH_TFACE 7	0	5	9
			*MESH_TFACE 8	9	5	3
			*MESH_TFACE 9	10	11	12
			*MESH_TFACE 10	13	8	0
			*MESH_TFACE 11	9	13	0
			*MESH_TFACE 12	14	12	11
			*MESH_TFACE 13	3	1	8
			*MESH_TFACE 14	3	15	9
			*MESH_TFACE 15	8	15	3
			*MESH_TFACE 16	2	6	5
			*MESH_TFACE 17	7	2	1
			*MESH_TFACE 18	2	7	16
			*MESH_TFACE 19	7	4	16
			*MESH_TFACE 20	16	4	6
			*MESH_TFACE 21	6	2	16
		}
	}
}
*GEOMOBJECT {
	*NODE_NAME "zm_Frill1"
	*NODE_PARENT "Bip01 L Claw1"
	*NODE_TM {
		*NODE_NAME "zm_Frill1"
		*TM_ROW0 0.992257	0.1235	0.0131852
		*TM_ROW1 -0.110226	0.924548	-0.364775
		*TM_ROW2 -0.0572401	0.360497	0.931002
		*TM_ROW3 52.8034	-135.463	76.1055
		*TM_POS 52.8034	-135.463	76.1055
		*TM_ROTAXIS 0.947759	0.092029	-0.305424
		*TM_ROTANGLE 0.392636
		*TM_SCALE 1	1	1
		*TM_SCALEAXIS 0	0	0
		*TM_SCALEAXISANG 0	0	0
	}
	*MATERIAL_REF 0
	*MESH {
		*TIMEVALUE 0
		*MESH_NUMVERTEX 13
		*MESH_NUMFACES 22
		*MESH_VERTEX_LIST {
			*MESH_VERTEX 0	58.704	-162.841	97.4778
			*MESH_VERTEX 1	47.2456	-128.45	71.406
			*MESH_VERTEX 2	62.2395	-126.662	72.5302
			*MESH_VERTEX 3	63.8119	-157.845	90.6118
			*MESH_VERTEX 4	55.076	-132.354	64.6655
			*MESH_VERTEX 5	59.088	-170.481	92.4015
			*MESH_VERTEX 6	64.9529	-165.087	87.5656
			*MESH_VERTEX 7	54.4927	-167.521	87.962
			*MESH_VERTEX 8	58.2157	-160.959	81.9117
			*MESH_VERTEX 9	53.2801	-159.037	90.979
			*MESH_VERTEX 10	53.5956	-124.009	70.5409
			*MESH_VERTEX 11	57.0346	-156.574	83.7123
			*MESH_VERTEX 12	53.8303	-126.459	77.8096
		}
		*MESH_FACE_LIST {
			*MESH_FACE    0:    A:    4 B:    2 C:    3 AB:    1 BC:    1 CA:    1	 *MESH_SMOOTHING 1 	*MESH_MTLID 0
			*MESH_FACE    1:    A:    3 B:    2 C:    12 AB:    1 BC:    1 CA:    1	 *MESH_SMOOTHING 1 	*MESH_MTLID 0
			*MESH_FACE    2:    A:    3 B:    11 C:    4 AB:    1 BC:    1 CA:    1	 *MESH_SMOOTHING 1 	*MESH_MTLID 0
			*MESH_FACE    3:    A:    12 B:    0 C:    3 AB:    1 BC:    1 CA:    1	 *MESH_SMOOTHING 1 	*MESH_MTLID 0
			*MESH_FACE    4:    A:    2 B:    4 C:    10 AB:    1 BC:    1 CA:    1	 *MESH_SMOOTHING 1 	*MESH_MTLID 0
			*MESH_FACE    5:    A:    9 B:    1 C:    4 AB:    1 BC:    1 CA:    1	 *MESH_SMOOTHING 1 	*MESH_MTLID 0
			*MESH_FACE    6:    A:    12 B:    9 C:    0 AB:    1 BC:    1 CA:    1	 *MESH_SMOOTHING 1 	*MESH_MTLID 0
			*MESH_FACE    7:    A:    6 B:    3 C:    0 AB:    1 BC:    1 CA:    1	 *MESH_SMOOTHING 1 	*MESH_MTLID 0
			*MESH_FACE    8:    A:    0 B:    5 C:    6 AB:    1 BC:    1 CA:    1	 *MESH_SMOOTHING 1 	*MESH_MTLID 0
			*MESH_FACE    9:    A:    4 B:    11 C:    9 AB:    1 BC:    1 CA:    1	 *MESH_SMOOTHING 1 	*MESH_MTLID 0
			*MESH_FACE    10:    A:    0 B:    7 C:    5 AB:    1 BC:    1 CA:    1	 *MESH_SMOOTHING 1 	*MESH_MTLID 0
			*MESH_FACE    11:    A:    7 B:    6 C:    5 AB:    1 BC:    1 CA:    1	 *MESH_SMOOTHING 1 	*MESH_MTLID 0
			*MESH_FACE    12:    A:    6 B:    7 C:    8 AB:    1 BC:    1 CA:    1	 *MESH_SMOOTHING 1 	*MESH_MTLID 0
			*MESH_FACE    13:    A:    11 B:    3 C:    6 AB:    1 BC:    1 CA:    1	 *MESH_SMOOTHING 1 	*MESH_MTLID 0
			*MESH_FACE    14:    A:    7 B:    0 C:    9 AB:    1 BC:    1 CA:    1	 *MESH_SMOOTHING 1 	*MESH_MTLID 0
			*MESH_FACE    15:    A:    7 B:    9 C:    11 AB:    1 BC:    1 CA:    1	 *MESH_SMOOTHING 1 	*MESH_MTLID 0
			*MESH_FACE    16:    A:    10 B:    4 C:    1 AB:    1 BC:    1 CA:    1	 *MESH_SMOOTHING 1 	*MESH_MTLID 0
			*MESH_FACE    17:    A:    9 B:    12 C:    1 AB:    1 BC:    1 CA:    1	 *MESH_SMOOTHING 1 	*MESH_MTLID 0
			*MESH_FACE    18:    A:    6 B:    8 C:    11 AB:    1 BC:    1 CA:    1	 *MESH_SMOOTHING 1 	*MESH_MTLID 0
			*MESH_FACE    19:    A:    11 B:    8 C:    7 AB:    1 BC:    1 CA:    1	 *MESH_SMOOTHING 1 	*MESH_MTLID 0
			*MESH_FACE    20:    A:    10 B:    1 C:    12 AB:    1 BC:    1 CA:    1	 *MESH_SMOOTHING 1 	*MESH_MTLID 0
			*MESH_FACE    21:    A:    10 B:    12 C:    2 AB:    1 BC:    1 CA:    1	 *MESH_SMOOTHING 1 	*MESH_MTLID 0
		}
		*MESH_NUMTVERTEX 13
		*MESH_TVERTLIST {
			*MESH_TVERT 0	0.197888	0.472825	0
			*MESH_TVERT 1	0.156259	0.474344	0
			*MESH_TVERT 2	0.150415	0.38941	0
			*MESH_TVERT 3	0.104851	0.479041	0
			*MESH_TVERT 4	0.187122	0.407201	0
			*MESH_TVERT 5	0.112174	0.364448	0
			*MESH_TVERT 6	0.15445	0.50858	0
			*MESH_TVERT 7	0.151223	0.389687	0
			*MESH_TVERT 8	0.154463	0.47262	0
			*MESH_TVERT 9	0.160016	0.343409	0
			*MESH_TVERT 10	0.130345	0.329958	0
			*MESH_TVERT 11	0.162717	0.345219	0
			*MESH_TVERT 12	0.194254	0.358259	0
		}
		*MESH_NUMTVFACES 22
