*3DSMAX_ASCIIEXPORT	110
*COMMENT "[ GothicSourcer v3.16 ] - June 2007/March 2020"
*SCENE {
	*SCENE_FILENAME "CRW_LOOK_JUE00.MAX"
	*SCENE_FIRSTFRAME 0
	*SCENE_LASTFRAME 8
	*SCENE_FRAMESPEED 25
	*SCENE_TICKSPERFRAME 192
	*SCENE_BACKGROUND_STATIC 0	0	0
	*SCENE_AMBIENT_STATIC 0.2	0.2	0.2
}
*HELPEROBJECT {
	*NODE_NAME "Bip01"
	*NODE_TM {
		*NODE_NAME "Bip01"
		*TM_ROW0 1.26759e-006	-1	0
		*TM_ROW1 1	1.26759e-006	0
		*TM_ROW2 -0	-0	1
		*TM_ROW3 -4e-006	0	80.5441
		*TM_POS -4e-006	0	80.5441
		*TM_ROTAXIS 0	0	1
		*TM_ROTANGLE 1.5708
		*TM_SCALE 1	1	1
		*TM_SCALEAXIS 0	0	0
		*TM_SCALEAXISANG 0	0	0
	}
}
*HELPEROBJECT {
	*NODE_NAME "Bip01 Pelvis"
	*NODE_PARENT "Bip01"
	*NODE_TM {
		*NODE_NAME "Bip01 Pelvis"
		*TM_ROW0 -1.19209e-006	-1.64892e-007	1
		*TM_ROW1 2.99332e-006	-1	-1.64887e-007
		*TM_ROW2 1	2.99332e-006	1.66893e-006
		*TM_ROW3 3.90109e-005	-0.0871679	80.5441
		*TM_POS 3.90109e-005	-0.0871679	80.5441
		*TM_ROTAXIS -0.707106	-1e-006	-0.707107
		*TM_ROTANGLE 3.14159
		*TM_SCALE 1	1	1
		*TM_SCALEAXIS 0	0	0
		*TM_SCALEAXISANG 0	0	0
	}
}
*HELPEROBJECT {
	*NODE_NAME "Bip01 Spine"
	*NODE_PARENT "Bip01 Pelvis"
	*NODE_TM {
		*NODE_NAME "Bip01 Spine"
		*TM_ROW0 1.45417e-006	-1	-0.000796169
		*TM_ROW1 -2.20537e-006	0.000796252	-1
		*TM_ROW2 1	1.2815e-006	-2.09231e-006
		*TM_ROW3 1.89974e-005	-9.73177	87.8625
		*TM_POS 1.89974e-005	-9.73177	87.8625
		*TM_ROTAXIS 0.577198	-0.577657	0.577196
		*TM_ROTANGLE 2.09394
		*TM_SCALE 1	1	1
		*TM_SCALEAXIS 0	0	0
		*TM_SCALEAXISANG 0	0	0
	}
}
*HELPEROBJECT {
	*NODE_NAME "Bip01 Spine1"
	*NODE_PARENT "Bip01 Spine"
	*NODE_TM {
		*NODE_NAME "Bip01 Spine1"
		*TM_ROW0 1.86018e-006	-0.996264	0.0863633
		*TM_ROW1 -3.69549e-006	-0.0863631	-0.996264
		*TM_ROW2 1	1.3411e-006	-3.62344e-006
		*TM_ROW3 4.69914e-005	-30.202	87.8597
		*TM_POS 4.69914e-005	-30.202	87.8597
		*TM_ROTAXIS 0.593287	-0.544081	0.593284
		*TM_ROTANGLE 2.14502
		*TM_SCALE 1	1	1
		*TM_SCALEAXIS 0	0	0
		*TM_SCALEAXISANG 0	0	0
	}
}
*HELPEROBJECT {
	*NODE_NAME "Bip01 Spine2"
	*NODE_PARENT "Bip01 Spine1"
	*NODE_TM {
		*NODE_NAME "Bip01 Spine2"
		*TM_ROW0 1.70056e-006	-0.906644	0.421897
		*TM_ROW1 -2.35438e-006	-0.421897	-0.906644
		*TM_ROW2 1	4.17232e-007	-2.76979e-006
		*TM_ROW3 6.99941e-005	-47.201	89.3631
		*TM_POS 6.99941e-005	-47.201	89.3631
		*TM_ROTAXIS 0.644616	-0.411026	0.644614
		*TM_ROTANGLE 2.36164
		*TM_SCALE 1	1	1
		*TM_SCALEAXIS 0	0	0
		*TM_SCALEAXISANG 0	0	0
	}
}
*HELPEROBJECT {
	*NODE_NAME "Bip01 L Claw"
	*NODE_PARENT "Bip01 Spine2"
	*NODE_TM {
		*NODE_NAME "Bip01 L Claw"
		*TM_ROW0 0.893131	0.445028	0.0653226
		*TM_ROW1 -0.417043	0.764911	0.490904
		*TM_ROW2 0.1685	-0.465684	0.868761
		*TM_ROW3 22.3473	-79.7275	112.805
		*TM_POS 22.3473	-79.7275	112.805
		*TM_ROTAXIS -0.74048	-0.079868	-0.667316
		*TM_ROTANGLE 0.702233
		*TM_SCALE 1	1	1
		*TM_SCALEAXIS 0	0	0
		*TM_SCALEAXISANG 0	0	0
	}
}
*HELPEROBJECT {
	*NODE_NAME "Bip01 L Claw1"
	*NODE_PARENT "Bip01 L Claw"
	*NODE_TM {
		*NODE_NAME "Bip01 L Claw1"
		*TM_ROW0 0.992257	0.1235	0.0131852
		*TM_ROW1 -0.110226	0.924548	-0.364775
		*TM_ROW2 -0.0572401	0.360497	0.931002
		*TM_ROW3 52.8034	-135.463	76.1055
		*TM_POS 52.8034	-135.463	76.1055
		*TM_ROTAXIS 0.947759	0.092029	-0.305424
		*TM_ROTANGLE 0.392636
		*TM_SCALE 1	1	1
		*TM_SCALEAXIS 0	0	0
		*TM_SCALEAXISANG 0	0	0
	}
}
*HELPEROBJECT {
	*NODE_NAME "Bip01 L Claw2"
	*NODE_PARENT "Bip01 L Claw1"
	*NODE_TM {
		*NODE_NAME "Bip01 L Claw2"
		*TM_ROW0 0.992257	0.1235	0.0131848
		*TM_ROW1 -0.0686326	0.456736	0.886951
		*TM_ROW2 0.103517	-0.880988	0.461675
		*TM_ROW3 56.4636	-166.205	88.5954
		*TM_POS 56.4636	-166.205	88.5954
		*TM_ROTAXIS -0.992867	-0.05073	-0.107901
		*TM_ROTANGLE 1.09805
		*TM_SCALE 1	1	1
		*TM_SCALEAXIS 0	0	0
		*TM_SCALEAXISANG 0	0	0
	}
}
*HELPEROBJECT {
	*NODE_NAME "Bip01 R Claw"
	*NODE_PARENT "Bip01 Spine2"
	*NODE_TM {
		*NODE_NAME "Bip01 R Claw"
		*TM_ROW0 0.893131	-0.445029	-0.0653228
		*TM_ROW1 -0.417043	-0.764911	-0.490903
		*TM_ROW2 0.1685	0.465683	-0.868762
		*TM_ROW3 -22.6238	-79.7275	112.805
		*TM_POS -22.6238	-79.7275	112.805
		*TM_ROTAXIS 0.971009	-0.237348	0.028407
		*TM_ROTANGLE 2.62655
		*TM_SCALE 1	1	1
		*TM_SCALEAXIS 0	0	0
		*TM_SCALEAXISANG 0	0	0
	}
}
*HELPEROBJECT {
	*NODE_NAME "Bip01 R Claw1"
	*NODE_PARENT "Bip01 R Claw"
	*NODE_TM {
		*NODE_NAME "Bip01 R Claw1"
		*TM_ROW0 0.992257	-0.123501	-0.0131851
		*TM_ROW1 -0.110226	-0.924548	0.364775
		*TM_ROW2 -0.0572403	-0.360497	-0.931002
		*TM_ROW3 -53.0799	-135.463	76.1055
		*TM_POS -53.0799	-135.463	76.1055
		*TM_ROTAXIS 0.997994	-0.060621	-0.018266
		*TM_ROTANGLE 3.51347
		*TM_SCALE 1	1	1
		*TM_SCALEAXIS 0	0	0
		*TM_SCALEAXISANG 0	0	0
	}
}
*HELPEROBJECT {
	*NODE_NAME "Bip01 R Claw2"
	*NODE_PARENT "Bip01 R Claw1"
	*NODE_TM {
		*NODE_NAME "Bip01 R Claw2"
		*TM_ROW0 0.992257	-0.1235	-0.0131856
		*TM_ROW1 -0.0686332	-0.456736	-0.886951
		*TM_ROW2 0.103516	0.880988	-0.461675
		*TM_ROW3 -56.7401	-166.205	88.5954
		*TM_POS -56.7401	-166.205	88.5954
		*TM_ROTAXIS 0.99735	-0.065835	0.030952
		*TM_ROTANGLE 2.05226
		*TM_SCALE 1	1	1
		*TM_SCALEAXIS 0	0	0
		*TM_SCALEAXISANG 0	0	0
	}
}
*HELPEROBJECT {
	*NODE_NAME "Bip01 Neck"
	*NODE_PARENT "Bip01 Spine2"
	*NODE_TM {
		*NODE_NAME "Bip01 Neck"
		*TM_ROW0 1.90986e-006	-0.860426	0.509575
		*TM_ROW1 -2.05636e-006	-0.509575	-0.860426
		*TM_ROW2 1	5.36442e-007	-2.56049e-006
		*TM_ROW3 0.00011998	-83.0964	106.083
		*TM_POS 0.00011998	-83.0964	106.083
		*TM_ROTAXIS 0.655844	-0.373817	0.655842
		*TM_ROTANGLE 2.42613
		*TM_SCALE 1	1	1
		*TM_SCALEAXIS 0	0	0
		*TM_SCALEAXISANG 0	0	0
	}
}
*HELPEROBJECT {
	*NODE_NAME "Bip01 Neck1"
	*NODE_PARENT "Bip01 Neck"
	*NODE_TM {
		*NODE_NAME "Bip01 Neck1"
		*TM_ROW0 3.06363e-007	-0.875324	0.483536
		*TM_ROW1 -2.08616e-006	-0.483536	-0.875324
		*TM_ROW2 1	-7.15256e-007	-2.07782e-006
		*TM_ROW3 0.000141994	-99.617	115.892
		*TM_POS 0.000141994	-99.617	115.892
		*TM_ROTAXIS 0.652588	-0.385044	0.652587
		*TM_ROTANGLE 2.4065
		*TM_SCALE 1	1	1
		*TM_SCALEAXIS 0	0	0
		*TM_SCALEAXISANG 0	0	0
	}
}
*HELPEROBJECT {
	*NODE_NAME "Bip01 Head"
	*NODE_PARENT "Bip01 Neck1"
	*NODE_TM {
		*NODE_NAME "Bip01 Head"
		*TM_ROW0 1.19211e-007	1.1051e-006	1
		*TM_ROW1 -1.11829e-006	-1	1.12845e-006
		*TM_ROW2 1	-1.11829e-006	1.1921e-007
		*TM_ROW3 0.000173978	-122.58	128.577
		*TM_POS 0.000173978	-122.58	128.577
		*TM_ROTAXIS 0.707107	-4.66436e-009	0.707107
		*TM_ROTANGLE 3.14159
		*TM_SCALE 1	1	1
		*TM_SCALEAXIS 0	0	0
		*TM_SCALEAXISANG 0	0	0
	}
	*TM_ANIMATION {
		*NODE_NAME  "Bip01 Head"
		*CONTROL_POS_TRACK {
			*CONTROL_POS_SAMPLE 0	0.000142402	-122.58	128.577
			*CONTROL_POS_SAMPLE 192	0.000142402	-122.58	128.577
			*CONTROL_POS_SAMPLE 384	0.000142402	-122.58	128.577
			*CONTROL_POS_SAMPLE 576	0.000142402	-122.58	128.577
			*CONTROL_POS_SAMPLE 768	0.000142402	-122.58	128.577
			*CONTROL_POS_SAMPLE 960	0.000142402	-122.58	128.577
			*CONTROL_POS_SAMPLE 1152	0.000142402	-122.58	128.577
			*CONTROL_POS_SAMPLE 1344	0.000142402	-122.58	128.577
			*CONTROL_POS_SAMPLE 1536	0.000142402	-122.58	128.577
		}
		*CONTROL_ROT_TRACK {
			*CONTROL_ROT_SAMPLE 0	-0.472832	-0.535873	-0.699479	3.06696
			*CONTROL_ROT_SAMPLE 192	-0.664318	-0.317565	-0.676635	2.54886
			*CONTROL_ROT_SAMPLE 384	-0.657155	-0.061175	-0.751268	2.14926
			*CONTROL_ROT_SAMPLE 576	0.701145	0.331551	0.631244	2.51844
			*CONTROL_ROT_SAMPLE 768	-0.70338	-0.0374593	-0.709827	3.09728
			*CONTROL_ROT_SAMPLE 960	-0.625791	0.259014	-0.735729	2.4085
			*CONTROL_ROT_SAMPLE 1152	-0.634785	0.14046	-0.759815	3.99433
			*CONTROL_ROT_SAMPLE 1344	0.679225	-0.27997	0.678432	2.56376
			*CONTROL_ROT_SAMPLE 1536	0.708236	-0.446877	0.546537	2.97336
		}

	}
}
*HELPEROBJECT {
	*NODE_NAME "Bip01 L J1"
	*NODE_PARENT "Bip01 Head"
	*NODE_TM {
		*NODE_NAME "Bip01 L J1"
		*TM_ROW0 1	-6.96501e-006	-2.67816e-006
		*TM_ROW1 7.43426e-006	0.960896	0.276909
		*TM_ROW2 6.44754e-007	-0.276909	0.960896
		*TM_ROW3 20.828	-121.553	114.756
		*TM_POS 20.828	-121.553	114.756
		*TM_ROTAXIS -1	-6e-006	2.6e-005
		*TM_ROTANGLE 0.280576
		*TM_SCALE 1	1	1
		*TM_SCALEAXIS 0	0	0
		*TM_SCALEAXISANG 0	0	0
	}
}
*HELPEROBJECT {
	*NODE_NAME "Bip01 L J"
	*NODE_PARENT "Bip01 Head"
	*NODE_TM {
		*NODE_NAME "Bip01 L J"
		*TM_ROW0 1	-6.96501e-006	-2.67816e-006
		*TM_ROW1 7.43426e-006	0.960896	0.276909
		*TM_ROW2 6.44754e-007	-0.276909	0.960896
		*TM_ROW3 20.828	-121.553	123.758
		*TM_POS 20.828	-121.553	123.758
		*TM_ROTAXIS -1	-6e-006	2.6e-005
		*TM_ROTANGLE 0.280576
		*TM_SCALE 1	1	1
		*TM_SCALEAXIS 0	0	0
		*TM_SCALEAXISANG 0	0	0
	}
}
*HELPEROBJECT {
	*NODE_NAME "Bip01 R J1"
	*NODE_PARENT "Bip01 Head"
	*NODE_TM {
		*NODE_NAME "Bip01 R J1"
		*TM_ROW0 1	-7.8434e-006	-1.10828e-006
		*TM_ROW1 -7.8434e-006	-0.96085	-0.27707
		*TM_ROW2 1.10828e-006	0.27707	-0.96085
		*TM_ROW3 -21.1045	-121.553	114.756
		*TM_POS -21.1045	-121.553	114.756
		*TM_ROTAXIS 1	-4e-006	-0
		*TM_ROTANGLE 2.86085
		*TM_SCALE 1	1	1
		*TM_SCALEAXIS 0	0	0
		*TM_SCALEAXISANG 0	0	0
	}
}
*HELPEROBJECT {
	*NODE_NAME "Bip01 R J"
	*NODE_PARENT "Bip01 Head"
	*NODE_TM {
		*NODE_NAME "Bip01 R J"
		*TM_ROW0 1	-7.8434e-006	-1.10828e-006
		*TM_ROW1 -7.8434e-006	-0.96085	-0.277069
		*TM_ROW2 1.10828e-006	0.277069	-0.96085
		*TM_ROW3 -21.1045	-121.553	123.758
		*TM_POS -21.1045	-121.553	123.758
		*TM_ROTAXIS 1	-4e-006	-2.89892e-014
		*TM_ROTANGLE 2.86085
		*TM_SCALE 1	1	1
		*TM_SCALEAXIS 0	0	0
		*TM_SCALEAXISANG 0	0	0
	}
}
*GEOMOBJECT {
	*NODE_NAME "zm_Fuehler_01"
	*NODE_PARENT "Bip01 Head"
	*NODE_TM {
		*NODE_NAME "zm_Fuehler_01"
		*TM_ROW0 0.966043	0.092331	-0.241324
		*TM_ROW1 -3.57628e-007	-0.933973	-0.357342
		*TM_ROW2 -0.258384	0.345208	-0.902258
		*TM_ROW3 7.08587	-122.836	171.509
		*TM_POS 7.08587	-122.836	171.509
		*TM_ROTAXIS 0.991187	0.024069	-0.130265
		*TM_ROTANGLE 2.77932
		*TM_SCALE 1	1	1
		*TM_SCALEAXIS 0	0	0
		*TM_SCALEAXISANG 0	0	0
	}
}
*HELPEROBJECT {
	*NODE_NAME "Bip01 L Clavicle"
	*NODE_PARENT "Bip01 Neck"
	*NODE_TM {
		*NODE_NAME "Bip01 L Clavicle"
		*TM_ROW0 0.999676	0.0230802	-0.0107617
		*TM_ROW1 -7.20843e-007	0.422619	0.906308
		*TM_ROW2 0.0254659	-0.906014	0.422482
		*TM_ROW3 17.2016	-47.8037	91.2462
		*TM_POS 17.2016	-47.8037	91.2462
		*TM_ROTAXIS -0.999719	-0.019984	-0.012732
		*TM_ROTANGLE 1.13472
		*TM_SCALE 1	1	1
		*TM_SCALEAXIS 0	0	0
		*TM_SCALEAXISANG 0	0	0
	}
}
*HELPEROBJECT {
	*NODE_NAME "Bip01 L UpperArm"
	*NODE_PARENT "Bip01 L Clavicle"
	*NODE_TM {
		*NODE_NAME "Bip01 L UpperArm"
		*TM_ROW0 0.873434	-0.346233	0.342397
		*TM_ROW1 -0.245115	0.294956	0.923536
		*TM_ROW2 -0.420751	-0.890575	0.172758
		*TM_ROW3 29.3959	-47.5222	91.1149
		*TM_POS 29.3959	-47.5222	91.1149
		*TM_ROTAXIS -0.920546	0.387249	0.051311
		*TM_ROTANGLE 1.39938
		*TM_SCALE 1	1	1
		*TM_SCALEAXIS 0	0	0
		*TM_SCALEAXISANG 0	0	0
	}
}
*HELPEROBJECT {
	*NODE_NAME "Bip01 L Forearm"
	*NODE_PARENT "Bip01 L UpperArm"
	*NODE_TM {
		*NODE_NAME "Bip01 L Forearm"
		*TM_ROW0 0.331439	-0.328179	-0.88456
		*TM_ROW1 0.844462	-0.314922	0.433253
		*TM_ROW2 -0.420752	-0.890574	0.172757
		*TM_ROW3 79.0557	-67.2076	110.582
		*TM_POS 79.0557	-67.2076	110.582
		*TM_ROTAXIS -0.724071	-0.253681	0.641379
		*TM_ROTANGLE 1.98817
		*TM_SCALE 1	1	1
		*TM_SCALEAXIS 0	0	0
		*TM_SCALEAXISANG 0	0	0
	}
}
*HELPEROBJECT {
	*NODE_NAME "Bip01 L Hand"
	*NODE_PARENT "Bip01 L Forearm"
	*NODE_TM {
		*NODE_NAME "Bip01 L Hand"
		*TM_ROW0 0.331439	-0.328179	-0.88456
		*TM_ROW1 0.1073	0.944583	-0.310243
		*TM_ROW2 0.937355	0.00791309	0.348286
		*TM_ROW3 116.918	-104.697	9.53376
		*TM_POS 116.918	-104.697	9.53376
		*TM_ROTAXIS 0.167445	-0.958871	0.229192
		*TM_ROTANGLE 1.25334
		*TM_SCALE 1	1	1
		*TM_SCALEAXIS 0	0	0
		*TM_SCALEAXISANG 0	0	0
	}
}
*HELPEROBJECT {
	*NODE_NAME "Bip01 R Clavicle"
	*NODE_PARENT "Bip01 Neck"
	*NODE_TM {
		*NODE_NAME "Bip01 R Clavicle"
		*TM_ROW0 -0.999676	0.0230764	-0.0107619
		*TM_ROW1 -1.07195e-006	0.422619	0.906308
		*TM_ROW2 0.0254625	0.906014	-0.422482
		*TM_ROW3 -17.2014	-47.8038	91.2462
		*TM_POS -17.2014	-47.8038	91.2462
		*TM_ROTAXIS 0.006841	0.843372	0.537287
		*TM_ROTANGLE 3.16307
		*TM_SCALE 1	1	1
		*TM_SCALEAXIS 0	0	0
		*TM_SCALEAXISANG 0	0	0
	}
}
*HELPEROBJECT {
	*NODE_NAME "Bip01 R UpperArm"
	*NODE_PARENT "Bip01 R Clavicle"
	*NODE_TM {
		*NODE_NAME "Bip01 R UpperArm"
		*TM_ROW0 -0.873433	-0.346237	0.342396
		*TM_ROW1 0.245114	0.294957	0.923537
		*TM_ROW2 -0.420755	0.890573	-0.172757
		*TM_ROW3 -29.3957	-47.5223	91.1149
		*TM_POS -29.3957	-47.5223	91.1149
		*TM_ROTAXIS -0.034123	0.79	0.612156
		*TM_ROTANGLE 2.63751
		*TM_SCALE 1	1	1
		*TM_SCALEAXIS 0	0	0
		*TM_SCALEAXISANG 0	0	0
	}
}
*HELPEROBJECT {
	*NODE_NAME "Bip01 R Forearm"
	*NODE_PARENT "Bip01 R UpperArm"
	*NODE_TM {
		*NODE_NAME "Bip01 R Forearm"
		*TM_ROW0 -0.331439	-0.32818	-0.88456
		*TM_ROW1 -0.844461	-0.314924	0.433254
		*TM_ROW2 -0.420754	0.890574	-0.172757
		*TM_ROW3 -79.0555	-67.2079	110.582
		*TM_POS -79.0555	-67.2079	110.582
		*TM_ROTAXIS 0.550228	-0.558032	-0.621168
		*TM_ROTANGLE 2.71302
		*TM_SCALE 1	1	1
		*TM_SCALEAXIS 0	0	0
		*TM_SCALEAXISANG 0	0	0
	}
}
*HELPEROBJECT {
	*NODE_NAME "Bip01 R Hand"
	*NODE_PARENT "Bip01 R Forearm"
	*NODE_TM {
		*NODE_NAME "Bip01 R Hand"
		*TM_ROW0 -0.331438	-0.328179	-0.88456
		*TM_ROW1 -0.107303	0.944582	-0.310242
		*TM_ROW2 0.937355	-0.00790971	-0.348286
		*TM_ROW3 -116.918	-104.698	9.53376
		*TM_POS -116.918	-104.698	9.53376
		*TM_ROTAXIS 0.162545	-0.979529	0.118751
		*TM_ROTANGLE 1.94719
		*TM_SCALE 1	1	1
		*TM_SCALEAXIS 0	0	0
		*TM_SCALEAXISANG 0	0	0
	}
}
*HELPEROBJECT {
	*NODE_NAME "Bip01 L Thigh"
	*NODE_PARENT "Bip01 Spine"
	*NODE_TM {
		*NODE_NAME "Bip01 L Thigh"
		*TM_ROW0 0.870208	0.434415	0.232427
		*TM_ROW1 -0.187401	-0.144445	0.971605
		*TM_ROW2 0.455653	-0.889055	-0.0442873
		*TM_ROW3 19.0481	-0.0871434	80.5441
		*TM_POS 19.0481	-0.0871434	80.5441
		*TM_ROTAXIS -0.942358	-0.113056	-0.314928
		*TM_ROTANGLE 1.73074
		*TM_SCALE 1	1	1
		*TM_SCALEAXIS 0	0	0
		*TM_SCALEAXISANG 0	0	0
	}
}
*HELPEROBJECT {
	*NODE_NAME "Bip01 L Calf"
	*NODE_PARENT "Bip01 L Thigh"
	*NODE_TM {
		*NODE_NAME "Bip01 L Calf"
		*TM_ROW0 0.332405	0.216094	-0.918047
		*TM_ROW1 0.825765	0.403589	0.39399
		*TM_ROW2 0.455652	-0.889055	-0.0442874
		*TM_ROW3 58.4082	19.5617	91.0569
		*TM_POS 58.4082	19.5617	91.0569
		*TM_ROTAXIS -0.649283	-0.695158	0.308523
		*TM_ROTANGLE 1.72556
		*TM_SCALE 1	1	1
		*TM_SCALEAXIS 0	0	0
		*TM_SCALEAXISANG 0	0	0
	}
}
*HELPEROBJECT {
	*NODE_NAME "Bip01 L Foot"
	*NODE_PARENT "Bip01 L Calf"
	*NODE_TM {
		*NODE_NAME "Bip01 L Foot"
		*TM_ROW0 1.19384e-007	-4.4055e-007	-1
		*TM_ROW1 4.15359e-007	-1	4.40081e-007
		*TM_ROW2 -1	-4.28871e-007	1.11257e-007
		*TM_ROW3 84.2619	36.369	19.6533
		*TM_POS 84.2619	36.369	19.6533
		*TM_ROTAXIS 0.707107	-8.90626e-009	-0.707107
		*TM_ROTANGLE 3.14159
		*TM_SCALE 1	1	1
		*TM_SCALEAXIS 0	0	0
		*TM_SCALEAXISANG 0	0	0
	}
}
*HELPEROBJECT {
	*NODE_NAME "Bip01 L Toe0"
	*NODE_PARENT "Bip01 L Foot"
	*NODE_TM {
		*NODE_NAME "Bip01 L Toe0"
		*TM_ROW0 1.78779e-006	-1	8.55431e-008
		*TM_ROW1 8.92329e-008	1.44049e-007	1
		*TM_ROW2 -1	-1.71346e-006	1.39492e-007
		*TM_ROW3 84.2619	27.6895	8.86253
		*TM_POS 84.2619	27.6895	8.86253
		*TM_ROTAXIS -0.577351	0.57735	0.57735
		*TM_ROTANGLE 2.09439
		*TM_SCALE 1	1	1
		*TM_SCALEAXIS 0	0	0
		*TM_SCALEAXISANG 0	0	0
	}
}
*HELPEROBJECT {
	*NODE_NAME "Bip01 R Thigh"
	*NODE_PARENT "Bip01 Spine"
	*NODE_TM {
		*NODE_NAME "Bip01 R Thigh"
		*TM_ROW0 -0.870209	0.434413	0.232428
		*TM_ROW1 0.187402	-0.144445	0.971605
		*TM_ROW2 0.45565	0.889057	0.0442873
		*TM_ROW3 -19.048	-0.0871969	80.5441
		*TM_POS -19.048	-0.0871969	80.5441
		*TM_ROTAXIS -0.240658	-0.650774	-0.720123
		*TM_ROTANGLE 2.96923
		*TM_SCALE 1	1	1
		*TM_SCALEAXIS 0	0	0
		*TM_SCALEAXISANG 0	0	0
	}
}
*HELPEROBJECT {
	*NODE_NAME "Bip01 R Calf"
	*NODE_PARENT "Bip01 R Thigh"
	*NODE_TM {
		*NODE_NAME "Bip01 R Calf"
		*TM_ROW0 -0.332405	0.216092	-0.918047
		*TM_ROW1 -0.825766	0.403586	0.393989
		*TM_ROW2 0.455649	0.889057	0.0442871
		*TM_ROW3 -58.4082	19.5616	91.0569
		*TM_POS -58.4082	19.5616	91.0569
		*TM_ROTAXIS 0.275993	-0.765816	-0.580821
		*TM_ROTANGLE 2.02892
		*TM_SCALE 1	1	1
		*TM_SCALEAXIS 0	0	0
		*TM_SCALEAXISANG 0	0	0
	}
}
*HELPEROBJECT {
	*NODE_NAME "Bip01 R Foot"
	*NODE_PARENT "Bip01 R Calf"
	*NODE_TM {
		*NODE_NAME "Bip01 R Foot"
		*TM_ROW0 1.45092e-007	-4.48811e-007	-1
		*TM_ROW1 4.23242e-007	-1	4.48349e-007
		*TM_ROW2 -1	-4.56214e-007	1.01455e-007
		*TM_ROW3 -84.2619	36.3688	19.6533
		*TM_POS -84.2619	36.3688	19.6533
		*TM_ROTAXIS 0.707107	-9.04005e-009	-0.707107
		*TM_ROTANGLE 3.14159
		*TM_SCALE 1	1	1
		*TM_SCALEAXIS 0	0	0
		*TM_SCALEAXISANG 0	0	0
	}
}
*HELPEROBJECT {
	*NODE_NAME "Bip01 R Toe0"
	*NODE_PARENT "Bip01 R Foot"
	*NODE_TM {
		*NODE_NAME "Bip01 R Toe0"
		*TM_ROW0 1.79567e-006	-1	9.38114e-008
		*TM_ROW1 6.35242e-008	1.5231e-007	1
		*TM_ROW2 -1	-1.7408e-006	1.2969e-007
		*TM_ROW3 -84.2619	27.6892	8.86254
		*TM_POS -84.2619	27.6892	8.86254
		*TM_ROTAXIS -0.577351	0.57735	0.57735
		*TM_ROTANGLE 2.09439
		*TM_SCALE 1	1	1
		*TM_SCALEAXIS 0	0	0
		*TM_SCALEAXISANG 0	0	0
	}
}
