*3DSMAX_ASCIIEXPORT	110
*COMMENT "[ GothicSourcer v3.16 ] - June 2007/March 2020"
*SCENE {
	*SCENE_FILENAME "GIANT_DESERTRAT_BODY.MAX"
	*SCENE_FIRSTFRAME 0
	*SCENE_LASTFRAME 100
	*SCENE_FRAMESPEED 25
	*SCENE_TICKSPERFRAME 192
	*SCENE_BACKGROUND_STATIC 0	0	0
	*SCENE_AMBIENT_STATIC 0.2	0.2	0.2
}
*MATERIAL_LIST {
	*MATERIAL_COUNT 1
	*MATERIAL 0 {
		*MATERIAL_NAME "DESERTRAT"
		*MATERIAL_CLASS "Standard"
		*MATERIAL_AMBIENT 0.266667	0.172549	0.0980392
		*MATERIAL_DIFFUSE 0.266667	0.172549	0.0980392
		*MATERIAL_SPECULAR 0.9	0.9	0.9
		*MATERIAL_SHINE 0.1
		*MATERIAL_SHINESTRENGTH 0
		*MATERIAL_TRANSPARENCY 0
		*MATERIAL_WIRESIZE 1
		*MATERIAL_SHADING Blinn
		*MATERIAL_XP_FALLOFF 0
		*MATERIAL_SELFILLUM 0
		*MATERIAL_FALLOFF In
		*MATERIAL_XP_TYPE Filter
		*MAP_DIFFUSE {
			*MAP_NAME "Map #1"
			*MAP_CLASS "Bitmap"
			*MAP_SUBNO 1
			*MAP_AMOUNT 1
			*BITMAP "RATTE1.TGA"
			*MAP_TYPE Screen
			*UVW_U_OFFSET 0
			*UVW_V_OFFSET 0
			*UVW_U_TILING 1
			*UVW_V_TILING 1
			*UVW_ANGLE 0
			*UVW_BLUR 1
			*UVW_BLUR_OFFSET 0
			*UVW_NOUSE_AMT 1
			*UVW_NOISE_SIZE 1
			*UVW_NOISE_LEVEL 1
			*UVW_NOISE_PHASE 0
			*BITMAP_FILTER Pyramidal
		}
	}
}
*HELPEROBJECT {
	*NODE_NAME "Bip01"
	*NODE_TM {
		*NODE_NAME "Bip01"
		*TM_ROW0 1.47444e-007	-8.9407e-008	-1
		*TM_ROW1 1	1.81637e-006	8.9407e-008
		*TM_ROW2 1.72853e-006	-1	1.47444e-007
		*TM_ROW3 -0	0	31.7174
		*TM_POS -0	0	31.7174
		*TM_ROTAXIS -0.57735	-0.577351	0.57735
		*TM_ROTANGLE 2.09439
		*TM_SCALE 1	1	1
		*TM_SCALEAXIS 0	0	0
		*TM_SCALEAXISANG 0	0	0
	}
}
*HELPEROBJECT {
	*NODE_NAME "Bip01 Pelvis"
	*NODE_PARENT "Bip01"
	*NODE_TM {
		*NODE_NAME "Bip01 Pelvis"
		*TM_ROW0 1.47444e-007	-1	-8.9407e-008
		*TM_ROW1 1.72853e-006	1.47444e-007	-1
		*TM_ROW2 1	8.9407e-008	1.81637e-006
		*TM_ROW3 5.28196e-012	4.32786e-007	36.558
		*TM_POS 5.28196e-012	4.32786e-007	36.558
		*TM_ROTAXIS 0.57735	-0.57735	0.577351
		*TM_ROTANGLE 2.09439
		*TM_SCALE 1	1	1
		*TM_SCALEAXIS 0	0	0
		*TM_SCALEAXISANG 0	0	0
	}
}
*HELPEROBJECT {
	*NODE_NAME "Bip01 Spine"
	*NODE_PARENT "Bip01 Pelvis"
	*NODE_TM {
		*NODE_NAME "Bip01 Spine"
		*TM_ROW0 1.00752e-006	-0.999636	-0.0269727
		*TM_ROW1 -2.5034e-006	0.0269727	-0.999636
		*TM_ROW2 1	1.07288e-006	-2.38994e-006
		*TM_ROW3 1.9e-005	-13.0803	36.5738
		*TM_POS 1.9e-005	-13.0803	36.5738
		*TM_ROTAXIS 0.572089	-0.587733	0.572087
		*TM_ROTANGLE 2.07889
		*TM_SCALE 1	1	1
		*TM_SCALEAXIS 0	0	0
		*TM_SCALEAXISANG 0	0	0
	}
}
*HELPEROBJECT {
	*NODE_NAME "Bip01 Spine1"
	*NODE_PARENT "Bip01 Spine"
	*NODE_TM {
		*NODE_NAME "Bip01 Spine1"
		*TM_ROW0 1.76992e-006	-0.930126	-0.367241
		*TM_ROW1 -3.03984e-006	0.367241	-0.930126
		*TM_ROW2 1	2.6226e-006	-2.13418e-006
		*TM_ROW3 4.8e-005	-32.9006	36.0523
		*TM_POS 4.8e-005	-32.9006	36.0523
		*TM_ROTAXIS 0.490247	-0.720638	0.490244
		*TM_ROTANGLE 1.89271
		*TM_SCALE 1	1	1
		*TM_SCALEAXIS 0	0	0
		*TM_SCALEAXISANG 0	0	0
	}
}
*HELPEROBJECT {
	*NODE_NAME "Bip01 Spine2"
	*NODE_PARENT "Bip01 Spine1"
	*NODE_TM {
		*NODE_NAME "Bip01 Spine2"
		*TM_ROW0 1.55159e-006	-0.967948	-0.251151
		*TM_ROW1 -3.30806e-006	0.251151	-0.967948
		*TM_ROW2 1	2.26498e-006	-2.71014e-006
		*TM_ROW3 7.3e-005	-49.4518	29.5382
		*TM_POS 7.3e-005	-49.4518	29.5382
		*TM_ROTAXIS 0.521943	-0.674652	0.52194
		*TM_ROTANGLE 1.95457
		*TM_SCALE 1	1	1
		*TM_SCALEAXIS 0	0	0
		*TM_SCALEAXISANG 0	0	0
	}
}
*HELPEROBJECT {
	*NODE_NAME "Bip01 Neck"
	*NODE_PARENT "Bip01 Spine2"
	*NODE_TM {
		*NODE_NAME "Bip01 Neck"
		*TM_ROW0 1.235e-006	-0.999757	-0.0220677
		*TM_ROW1 -2.14577e-006	0.0220676	-0.999756
		*TM_ROW2 1	1.2815e-006	-2.13266e-006
		*TM_ROW3 0.000108	-73.2248	23.3887
		*TM_POS 0.000108	-73.2248	23.3887
		*TM_ROTAXIS 0.573057	-0.585845	0.573055
		*TM_ROTANGLE 2.0817
		*TM_SCALE 1	1	1
		*TM_SCALEAXIS 0	0	0
		*TM_SCALEAXISANG 0	0	0
	}
}
*HELPEROBJECT {
	*NODE_NAME "Bip01 Head"
	*NODE_PARENT "Bip01 Neck"
	*NODE_TM {
		*NODE_NAME "Bip01 Head"
		*TM_ROW0 2.14034e-006	-1	1.25621e-006
		*TM_ROW1 -3.06964e-006	-1.25775e-006	-1
		*TM_ROW2 1	2.08616e-006	-3.04526e-006
		*TM_ROW3 0.000143	-96.6712	22.8712
		*TM_POS 0.000143	-96.6712	22.8712
		*TM_ROTAXIS 0.577352	-0.57735	0.577349
		*TM_ROTANGLE 2.0944
		*TM_SCALE 1	1	1
		*TM_SCALEAXIS 0	0	0
		*TM_SCALEAXISANG 0	0	0
	}
}
*HELPEROBJECT {
	*NODE_NAME "Bip01 Kiefer1"
	*NODE_PARENT "Bip01 Head"
	*NODE_TM {
		*NODE_NAME "Bip01 Kiefer1"
		*TM_ROW0 2.15607e-007	1	-4.51137e-009
		*TM_ROW1 -5.96046e-008	2.16236e-007	1
		*TM_ROW2 1	-5.96051e-008	2.15607e-007
		*TM_ROW3 3.8e-005	-110.502	18.6621
		*TM_POS 3.8e-005	-110.502	18.6621
		*TM_ROTAXIS -0.57735	-0.57735	-0.57735
		*TM_ROTANGLE 2.09439
		*TM_SCALE 1	1	1
		*TM_SCALEAXIS 0	0	0
		*TM_SCALEAXISANG 0	0	0
	}
}
*HELPEROBJECT {
	*NODE_NAME "Bip01 Kiefer2"
	*NODE_PARENT "Bip01 Kiefer1"
	*NODE_TM {
		*NODE_NAME "Bip01 Kiefer2"
		*TM_ROW0 2.15607e-007	1	-4.51136e-009
		*TM_ROW1 -5.96046e-008	2.16236e-007	1
		*TM_ROW2 1	-5.96051e-008	2.15607e-007
		*TM_ROW3 3.8e-005	-112.337	6.80243
		*TM_POS 3.8e-005	-112.337	6.80243
		*TM_ROTAXIS -0.57735	-0.57735	-0.57735
		*TM_ROTANGLE 2.09439
		*TM_SCALE 1	1	1
		*TM_SCALEAXIS 0	0	0
		*TM_SCALEAXISANG 0	0	0
	}
}
*HELPEROBJECT {
	*NODE_NAME "Bip01 L Clavicle"
	*NODE_PARENT "Bip01 Neck"
	*NODE_TM {
		*NODE_NAME "Bip01 L Clavicle"
		*TM_ROW0 0.980066	0.192342	0.0497429
		*TM_ROW1 2.68221e-007	-0.25038	0.968148
		*TM_ROW2 0.19867	-0.948849	-0.245389
		*TM_ROW3 5.6543	-73.2244	23.37
		*TM_POS 5.6543	-73.2244	23.37
		*TM_ROTAXIS -0.992045	-0.07707	-0.099537
		*TM_ROTANGLE 1.83159
		*TM_SCALE 1	1	1
		*TM_SCALEAXIS 0	0	0
		*TM_SCALEAXISANG 0	0	0
	}
}
*HELPEROBJECT {
	*NODE_NAME "Bip01 L UpperArm"
	*NODE_PARENT "Bip01 L Clavicle"
	*NODE_TM {
		*NODE_NAME "Bip01 L UpperArm"
		*TM_ROW0 -0.0570807	0.183643	-0.981334
		*TM_ROW1 -0.0541861	0.980918	0.186717
		*TM_ROW2 0.996898	0.0638327	-0.0460407
		*TM_ROW3 18.4784	-70.7076	24.0209
		*TM_POS 18.4784	-70.7076	24.0209
		*TM_ROTAXIS -0.061557	-0.990968	-0.119137
		*TM_ROTANGLE 1.63194
		*TM_SCALE 1	1	1
		*TM_SCALEAXIS 0	0	0
		*TM_SCALEAXISANG 0	0	0
	}
}
*HELPEROBJECT {
	*NODE_NAME "Bip01 L Forearm"
	*NODE_PARENT "Bip01 L UpperArm"
	*NODE_TM {
		*NODE_NAME "Bip01 L Forearm"
		*TM_ROW0 0.00613215	-0.646205	-0.763139
		*TM_ROW1 -0.0784639	0.76049	-0.644592
		*TM_ROW2 0.996898	0.0638317	-0.0460403
		*TM_ROW3 16.4368	-64.1392	-11.0785
		*TM_POS 16.4368	-64.1392	-11.0785
		*TM_ROTAXIS 0.35772	-0.888735	0.286682
		*TM_ROTANGLE 1.71096
		*TM_SCALE 1	1	1
		*TM_SCALEAXIS 0	0	0
		*TM_SCALEAXISANG 0	0	0
	}
}
*HELPEROBJECT {
	*NODE_NAME "Bip01 L Hand"
	*NODE_PARENT "Bip01 L Forearm"
	*NODE_TM {
		*NODE_NAME "Bip01 L Hand"
		*TM_ROW0 0.160882	-0.986521	0.0299021
		*TM_ROW1 -0.117134	-0.0491675	-0.991898
		*TM_ROW2 0.979998	0.156076	-0.123465
		*TM_ROW3 16.5984	-81.1765	-31.1988
		*TM_POS 16.5984	-81.1765	-31.1988
		*TM_ROTAXIS 0.66541	-0.550712	0.50393
		*TM_ROTANGLE 2.10119
		*TM_SCALE 1	1	1
		*TM_SCALEAXIS 0	0	0
		*TM_SCALEAXISANG 0	0	0
	}
}
*HELPEROBJECT {
	*NODE_NAME "Bip01 L Finger0"
	*NODE_PARENT "Bip01 L Hand"
	*NODE_TM {
		*NODE_NAME "Bip01 L Finger0"
		*TM_ROW0 0.160882	-0.986521	0.029902
		*TM_ROW1 -0.117912	-0.0492914	-0.9918
		*TM_ROW2 0.979905	0.156037	-0.124253
		*TM_ROW3 19.4484	-98.6527	-30.6691
		*TM_POS 19.4484	-98.6527	-30.6691
		*TM_ROTAXIS 0.665537	-0.550829	0.503635
		*TM_ROTANGLE 2.10172
		*TM_SCALE 1	1	1
		*TM_SCALEAXIS 0	0	0
		*TM_SCALEAXISANG 0	0	0
	}
}
*HELPEROBJECT {
	*NODE_NAME "Bip01 L Finger01"
	*NODE_PARENT "Bip01 L Finger0"
	*NODE_TM {
		*NODE_NAME "Bip01 L Finger01"
		*TM_ROW0 0.160882	-0.986521	0.029902
		*TM_ROW1 -0.117912	-0.0492914	-0.9918
		*TM_ROW2 0.979905	0.156037	-0.124253
		*TM_ROW3 19.8584	-101.167	-30.5929
		*TM_POS 19.8584	-101.167	-30.5929
		*TM_ROTAXIS 0.665537	-0.550829	0.503635
		*TM_ROTANGLE 2.10172
		*TM_SCALE 1	1	1
		*TM_SCALEAXIS 0	0	0
		*TM_SCALEAXISANG 0	0	0
	}
}
*HELPEROBJECT {
	*NODE_NAME "Bip01 L Finger02"
	*NODE_PARENT "Bip01 L Finger01"
	*NODE_TM {
		*NODE_NAME "Bip01 L Finger02"
		*TM_ROW0 0.160882	-0.986521	0.029902
		*TM_ROW1 -0.117912	-0.0492914	-0.9918
		*TM_ROW2 0.979905	0.156037	-0.124253
		*TM_ROW3 20.2684	-103.681	-30.5167
		*TM_POS 20.2684	-103.681	-30.5167
		*TM_ROTAXIS 0.665537	-0.550829	0.503635
		*TM_ROTANGLE 2.10172
		*TM_SCALE 1	1	1
		*TM_SCALEAXIS 0	0	0
		*TM_SCALEAXISANG 0	0	0
	}
}
*HELPEROBJECT {
	*NODE_NAME "Bip01 R Clavicle"
	*NODE_PARENT "Bip01 Neck"
	*NODE_TM {
		*NODE_NAME "Bip01 R Clavicle"
		*TM_ROW0 -0.980067	0.19234	0.0497433
		*TM_ROW1 8.04662e-007	-0.25038	0.968148
		*TM_ROW2 0.198669	0.94885	0.245389
		*TM_ROW3 -5.65409	-73.2244	23.37
		*TM_POS -5.65409	-73.2244	23.37
		*TM_ROTAXIS -0.079085	-0.6103	-0.788213
		*TM_ROTANGLE 3.01928
		*TM_SCALE 1	1	1
		*TM_SCALEAXIS 0	0	0
		*TM_SCALEAXISANG 0	0	0
	}
}
*HELPEROBJECT {
	*NODE_NAME "Bip01 R UpperArm"
	*NODE_PARENT "Bip01 R Clavicle"
	*NODE_TM {
		*NODE_NAME "Bip01 R UpperArm"
		*TM_ROW0 0.0570802	0.183642	-0.981334
		*TM_ROW1 0.0541824	0.980919	0.186716
		*TM_ROW2 0.996898	-0.0638288	0.0460409
		*TM_ROW3 -18.4782	-70.7076	24.0209
		*TM_POS -18.4782	-70.7076	24.0209
		*TM_ROTAXIS -0.125383	-0.989991	-0.064787
		*TM_ROTANGLE 1.52876
		*TM_SCALE 1	1	1
		*TM_SCALEAXIS 0	0	0
		*TM_SCALEAXISANG 0	0	0
	}
}
*HELPEROBJECT {
	*NODE_NAME "Bip01 R Forearm"
	*NODE_PARENT "Bip01 R UpperArm"
	*NODE_TM {
		*NODE_NAME "Bip01 R Forearm"
		*TM_ROW0 -0.00612992	-0.646205	-0.763139
		*TM_ROW1 0.0784632	0.76049	-0.644592
		*TM_ROW2 0.996898	-0.0638297	0.0460416
		*TM_ROW3 -16.4366	-64.1393	-11.0785
		*TM_POS -16.4366	-64.1393	-11.0785
		*TM_ROTAXIS 0.291838	-0.884434	0.364152
		*TM_ROTANGLE 1.67076
		*TM_SCALE 1	1	1
		*TM_SCALEAXIS 0	0	0
		*TM_SCALEAXISANG 0	0	0
	}
}
*HELPEROBJECT {
	*NODE_NAME "Bip01 R Hand"
	*NODE_PARENT "Bip01 R Forearm"
	*NODE_TM {
		*NODE_NAME "Bip01 R Hand"
		*TM_ROW0 -0.160878	-0.986521	0.0299009
		*TM_ROW1 0.117133	-0.0491653	-0.991898
		*TM_ROW2 0.979999	-0.156073	0.123464
		*TM_ROW3 -16.5982	-81.1766	-31.1988
		*TM_POS -16.5982	-81.1766	-31.1988
		*TM_ROTAXIS -0.497785	0.565841	-0.657293
		*TM_ROTANGLE 4.13804
		*TM_SCALE 1	1	1
		*TM_SCALEAXIS 0	0	0
		*TM_SCALEAXISANG 0	0	0
	}
}
*HELPEROBJECT {
	*NODE_NAME "Bip01 R Finger0"
	*NODE_PARENT "Bip01 R Hand"
	*NODE_TM {
		*NODE_NAME "Bip01 R Finger0"
		*TM_ROW0 -0.160878	-0.986521	0.0299015
		*TM_ROW1 0.117913	-0.0492903	-0.9918
		*TM_ROW2 0.979905	-0.156034	0.124254
		*TM_ROW3 -19.4481	-98.6527	-30.6691
		*TM_POS -19.4481	-98.6527	-30.6691
		*TM_ROTAXIS -0.497622	0.56564	-0.657589
		*TM_ROTANGLE 4.13843
		*TM_SCALE 1	1	1
		*TM_SCALEAXIS 0	0	0
		*TM_SCALEAXISANG 0	0	0
	}
}
*HELPEROBJECT {
	*NODE_NAME "Bip01 R Finger01"
	*NODE_PARENT "Bip01 R Finger0"
	*NODE_TM {
		*NODE_NAME "Bip01 R Finger01"
		*TM_ROW0 -0.160878	-0.986521	0.0299015
		*TM_ROW1 0.117913	-0.0492903	-0.9918
		*TM_ROW2 0.979905	-0.156034	0.124254
		*TM_ROW3 -19.8581	-101.167	-30.5929
		*TM_POS -19.8581	-101.167	-30.5929
		*TM_ROTAXIS -0.497622	0.56564	-0.657589
		*TM_ROTANGLE 4.13843
		*TM_SCALE 1	1	1
		*TM_SCALEAXIS 0	0	0
		*TM_SCALEAXISANG 0	0	0
	}
}
*HELPEROBJECT {
	*NODE_NAME "Bip01 R Finger02"
	*NODE_PARENT "Bip01 R Finger01"
	*NODE_TM {
		*NODE_NAME "Bip01 R Finger02"
		*TM_ROW0 -0.160878	-0.986521	0.0299015
		*TM_ROW1 0.117913	-0.0492902	-0.9918
		*TM_ROW2 0.979905	-0.156034	0.124254
		*TM_ROW3 -20.2681	-103.681	-30.5167
		*TM_POS -20.2681	-103.681	-30.5167
		*TM_ROTAXIS -0.497622	0.56564	-0.657589
		*TM_ROTANGLE 4.13843
		*TM_SCALE 1	1	1
		*TM_SCALEAXIS 0	0	0
		*TM_SCALEAXISANG 0	0	0
	}
}
*HELPEROBJECT {
	*NODE_NAME "Bip01 L Thigh"
	*NODE_PARENT "Bip01 Pelvis"
	*NODE_TM {
		*NODE_NAME "Bip01 L Thigh"
		*TM_ROW0 0.113204	0.025346	-0.993249
		*TM_ROW1 1.85147e-006	-0.999675	-0.0255097
		*TM_ROW2 -0.993572	0.00288595	-0.113167
		*TM_ROW3 20.9282	2.71357e-005	36.558
		*TM_POS 20.9282	2.71357e-005	36.558
		*TM_ROTAXIS 0.746031	0.008495	-0.665858
		*TM_ROTANGLE 3.12256
		*TM_SCALE 1	1	1
		*TM_SCALEAXIS 0	0	0
		*TM_SCALEAXISANG 0	0	0
	}
}
*HELPEROBJECT {
	*NODE_NAME "Bip01 L Calf"
	*NODE_PARENT "Bip01 L Thigh"
	*NODE_TM {
		*NODE_NAME "Bip01 L Calf"
		*TM_ROW0 -0.0457405	0.904201	0.424651
		*TM_ROW1 0.10355	0.427097	-0.898257
		*TM_ROW2 -0.993572	0.00288594	-0.113166
		*TM_ROW3 26.1019	1.15837	-8.83541
		*TM_POS 26.1019	1.15837	-8.83541
		*TM_ROTAXIS 0.484146	0.761951	-0.430156
		*TM_ROTANGLE 1.9454
		*TM_SCALE 1	1	1
		*TM_SCALEAXIS 0	0	0
		*TM_SCALEAXISANG 0	0	0
	}
}
*HELPEROBJECT {
	*NODE_NAME "Bip01 L HorseLink"
	*NODE_PARENT "Bip01 L Calf"
	*NODE_TM {
		*NODE_NAME "Bip01 L HorseLink"
		*TM_ROW0 0.112698	-0.0692085	-0.991216
		*TM_ROW1 -0.0106936	-0.997598	0.0684383
		*TM_ROW2 -0.993572	0.00288686	-0.113167
		*TM_ROW3 24.918	24.5611	2.15549
		*TM_POS 24.918	24.5611	2.15549
		*TM_ROTAXIS 0.745744	-0.026799	-0.665693
		*TM_ROTANGLE 3.18556
		*TM_SCALE 1	1	1
		*TM_SCALEAXIS 0	0	0
		*TM_SCALEAXISANG 0	0	0
	}
}
*HELPEROBJECT {
	*NODE_NAME "Bip01 L Foot"
	*NODE_PARENT "Bip01 L HorseLink"
	*NODE_TM {
		*NODE_NAME "Bip01 L Foot"
		*TM_ROW0 1.26414e-007	1.03495e-006	-1
		*TM_ROW1 1.85553e-006	-1	-9.67715e-007
		*TM_ROW2 -1	-1.86717e-006	1.21609e-007
		*TM_ROW3 28.0497	22.638	-25.3888
		*TM_POS 28.0497	22.638	-25.3888
		*TM_ROTAXIS 0.707107	1.02194e-006	-0.707107
		*TM_ROTANGLE 3.14159
		*TM_SCALE 1	1	1
		*TM_SCALEAXIS 0	0	0
		*TM_SCALEAXISANG 0	0	0
	}
}
*HELPEROBJECT {
	*NODE_NAME "Bip01 L Toe0"
	*NODE_PARENT "Bip01 L Foot"
	*NODE_TM {
		*NODE_NAME "Bip01 L Toe0"
		*TM_ROW0 1.81375e-006	-1	9.196e-008
		*TM_ROW1 8.22021e-008	8.27581e-008	1
		*TM_ROW2 -1	-1.73754e-006	1.49844e-007
		*TM_ROW3 28.0497	8.04327	-34.0269
		*TM_POS 28.0497	8.04327	-34.0269
		*TM_ROTAXIS -0.577351	0.57735	0.57735
		*TM_ROTANGLE 2.09439
		*TM_SCALE 1	1	1
		*TM_SCALEAXIS 0	0	0
		*TM_SCALEAXISANG 0	0	0
	}
}
*HELPEROBJECT {
	*NODE_NAME "Bip01 L Toe01"
	*NODE_PARENT "Bip01 L Toe0"
	*NODE_TM {
		*NODE_NAME "Bip01 L Toe01"
		*TM_ROW0 1.81375e-006	-1	9.196e-008
		*TM_ROW1 8.22021e-008	8.27581e-008	1
		*TM_ROW2 -1	-1.73754e-006	1.49844e-007
		*TM_ROW3 28.0497	6.53347	-34.0269
		*TM_POS 28.0497	6.53347	-34.0269
		*TM_ROTAXIS -0.577351	0.57735	0.57735
		*TM_ROTANGLE 2.09439
		*TM_SCALE 1	1	1
		*TM_SCALEAXIS 0	0	0
		*TM_SCALEAXISANG 0	0	0
	}
}
*HELPEROBJECT {
	*NODE_NAME "Bip01 L Toe02"
	*NODE_PARENT "Bip01 L Toe01"
	*NODE_TM {
		*NODE_NAME "Bip01 L Toe02"
		*TM_ROW0 1.81375e-006	-1	9.196e-008
		*TM_ROW1 8.22021e-008	8.27581e-008	1
		*TM_ROW2 -1	-1.73754e-006	1.49844e-007
		*TM_ROW3 28.0497	5.02368	-34.0269
		*TM_POS 28.0497	5.02368	-34.0269
		*TM_ROTAXIS -0.577351	0.57735	0.57735
		*TM_ROTANGLE 2.09439
		*TM_SCALE 1	1	1
		*TM_SCALEAXIS 0	0	0
		*TM_SCALEAXISANG 0	0	0
	}
}
*HELPEROBJECT {
	*NODE_NAME "Bip01 R Thigh"
	*NODE_PARENT "Bip01 Pelvis"
	*NODE_TM {
		*NODE_NAME "Bip01 R Thigh"
		*TM_ROW0 -0.113202	0.0253448	-0.993249
		*TM_ROW1 1.01142e-006	-0.999675	-0.0255089
		*TM_ROW2 -0.993572	-0.00288866	0.113165
		*TM_ROW3 -20.9282	-3.38995e-005	36.558
		*TM_POS -20.9282	-3.38995e-005	36.558
		*TM_ROTAXIS 0.665852	0.009517	-0.746023
		*TM_ROTANGLE 3.12461
		*TM_SCALE 1	1	1
		*TM_SCALEAXIS 0	0	0
		*TM_SCALEAXISANG 0	0	0
	}
}
*HELPEROBJECT {
	*NODE_NAME "Bip01 R Calf"
	*NODE_PARENT "Bip01 R Thigh"
	*NODE_TM {
		*NODE_NAME "Bip01 R Calf"
		*TM_ROW0 0.0457373	0.904202	0.42465
		*TM_ROW1 -0.103552	0.427096	-0.898257
		*TM_ROW2 -0.993572	-0.00288948	0.113166
		*TM_ROW3 -26.1018	1.15828	-8.83542
		*TM_POS -26.1018	1.15828	-8.83542
		*TM_ROTAXIS 0.457595	0.72481	-0.515032
		*TM_ROTANGLE 1.7793
		*TM_SCALE 1	1	1
		*TM_SCALEAXIS 0	0	0
		*TM_SCALEAXISANG 0	0	0
	}
}
*HELPEROBJECT {
	*NODE_NAME "Bip01 R HorseLink"
	*NODE_PARENT "Bip01 R Calf"
	*NODE_TM {
		*NODE_NAME "Bip01 R HorseLink"
		*TM_ROW0 -0.112696	-0.0692073	-0.991216
		*TM_ROW1 0.010696	-0.997598	0.0684369
		*TM_ROW2 -0.993572	-0.00288954	0.113165
		*TM_ROW3 -24.918	24.5611	2.15548
		*TM_POS -24.918	24.5611	2.15548
		*TM_ROTAXIS 0.665772	-0.021987	-0.745831
		*TM_ROTANGLE 3.19518
		*TM_SCALE 1	1	1
		*TM_SCALEAXIS 0	0	0
		*TM_SCALEAXISANG 0	0	0
	}
}
*HELPEROBJECT {
	*NODE_NAME "Bip01 R Foot"
	*NODE_PARENT "Bip01 R HorseLink"
	*NODE_TM {
		*NODE_NAME "Bip01 R Foot"
		*TM_ROW0 1.22457e-007	-1.25412e-006	-1
		*TM_ROW1 4.05298e-006	-1	1.29214e-006
		*TM_ROW2 -1	-4.05058e-006	9.84477e-008
		*TM_ROW3 -28.0497	22.6379	-25.3888
		*TM_POS -28.0497	22.6379	-25.3888
		*TM_ROTAXIS 0.707107	9.89544e-007	-0.707107
		*TM_ROTANGLE 3.1416
		*TM_SCALE 1	1	1
		*TM_SCALEAXIS 0	0	0
		*TM_SCALEAXISANG 0	0	0
	}
}
*HELPEROBJECT {
	*NODE_NAME "Bip01 R Toe0"
	*NODE_PARENT "Bip01 R Foot"
	*NODE_TM {
		*NODE_NAME "Bip01 R Toe0"
		*TM_ROW0 3.53097e-006	-1	1.82911e-006
		*TM_ROW1 -3.24114e-009	1.89162e-006	1
		*TM_ROW2 -1	-3.39825e-006	4.99555e-008
		*TM_ROW3 -28.0496	8.04318	-34.0269
		*TM_POS -28.0496	8.04318	-34.0269
		*TM_ROTAXIS -0.577351	0.57735	0.577349
		*TM_ROTANGLE 2.09439
		*TM_SCALE 1	1	1
		*TM_SCALEAXIS 0	0	0
		*TM_SCALEAXISANG 0	0	0
	}
}
*HELPEROBJECT {
	*NODE_NAME "Bip01 R Toe01"
	*NODE_PARENT "Bip01 R Toe0"
	*NODE_TM {
		*NODE_NAME "Bip01 R Toe01"
		*TM_ROW0 3.53097e-006	-1	1.82911e-006
		*TM_ROW1 -3.24114e-009	1.89162e-006	1
		*TM_ROW2 -1	-3.39825e-006	4.99555e-008
		*TM_ROW3 -28.0496	6.53338	-34.0269
		*TM_POS -28.0496	6.53338	-34.0269
		*TM_ROTAXIS -0.577351	0.57735	0.577349
		*TM_ROTANGLE 2.09439
		*TM_SCALE 1	1	1
		*TM_SCALEAXIS 0	0	0
		*TM_SCALEAXISANG 0	0	0
	}
}
*HELPEROBJECT {
	*NODE_NAME "Bip01 R Toe02"
	*NODE_PARENT "Bip01 R Toe01"
	*NODE_TM {
		*NODE_NAME "Bip01 R Toe02"
		*TM_ROW0 3.53097e-006	-1	1.82911e-006
		*TM_ROW1 -3.24114e-009	1.89162e-006	1
		*TM_ROW2 -1	-3.39825e-006	4.99555e-008
		*TM_ROW3 -28.0496	5.02358	-34.0269
		*TM_POS -28.0496	5.02358	-34.0269
		*TM_ROTAXIS -0.577351	0.57735	0.577349
		*TM_ROTANGLE 2.09439
		*TM_SCALE 1	1	1
		*TM_SCALEAXIS 0	0	0
		*TM_SCALEAXISANG 0	0	0
	}
}
*HELPEROBJECT {
	*NODE_NAME "Bip01 Tail"
	*NODE_PARENT "Bip01 Pelvis"
	*NODE_TM {
		*NODE_NAME "Bip01 Tail"
		*TM_ROW0 -1.37539e-006	0.861458	-0.507829
		*TM_ROW1 -4.35114e-006	0.507829	0.861458
		*TM_ROW2 1	3.39746e-006	3.05025e-006
		*TM_ROW3 -1.3e-005	21.9639	28.0573
		*TM_POS -1.3e-005	21.9639	28.0573
		*TM_ROTAXIS -0.444393	-0.777834	-0.444397
		*TM_ROTANGLE 1.81944
		*TM_SCALE 1	1	1
		*TM_SCALEAXIS 0	0	0
		*TM_SCALEAXISANG 0	0	0
	}
}
*HELPEROBJECT {
	*NODE_NAME "Bip01 Tail1"
	*NODE_PARENT "Bip01 Tail"
	*NODE_TM {
		*NODE_NAME "Bip01 Tail1"
		*TM_ROW0 -1.45826e-006	0.680922	-0.732356
		*TM_ROW1 -3.96371e-006	0.732356	0.680922
		*TM_ROW2 1	3.9041e-006	1.65608e-006
		*TM_ROW3 -5.2e-005	50.2997	11.3242
		*TM_POS -5.2e-005	50.2997	11.3242
		*TM_ROTAXIS -0.343549	-0.87404	-0.343553
		*TM_ROTANGLE 1.70502
		*TM_SCALE 1	1	1
		*TM_SCALEAXIS 0	0	0
		*TM_SCALEAXISANG 0	0	0
	}
}
*HELPEROBJECT {
	*NODE_NAME "Bip01 Tail2"
	*NODE_PARENT "Bip01 Tail1"
	*NODE_TM {
		*NODE_NAME "Bip01 Tail2"
		*TM_ROW0 -1.53345e-006	0.92288	-0.385087
		*TM_ROW1 -4.50015e-006	0.385087	0.92288
		*TM_ROW2 1	3.06964e-006	3.53295e-006
		*TM_ROW3 -8.2e-005	72.7022	-12.8055
		*TM_POS -8.2e-005	72.7022	-12.8055
		*TM_ROTAXIS -0.484927	-0.727796	-0.484931
		*TM_ROTANGLE 1.88331
		*TM_SCALE 1	1	1
		*TM_SCALEAXIS 0	0	0
		*TM_SCALEAXISANG 0	0	0
	}
}
*HELPEROBJECT {
	*NODE_NAME "Bip01 Tail3"
	*NODE_PARENT "Bip01 Tail2"
	*NODE_TM {
		*NODE_NAME "Bip01 Tail3"
		*TM_ROW0 -1.4756e-006	0.9979	-0.0647783
		*TM_ROW1 -1.99676e-006	0.0647783	0.9979
		*TM_ROW2 1	1.60933e-006	1.89206e-006
		*TM_ROW3 -0.000125	103.077	-25.5068
		*TM_POS -0.000125	103.077	-25.5068
		*TM_ROTAXIS -0.564464	-0.602295	-0.564466
		*TM_ROTANGLE 2.05738
		*TM_SCALE 1	1	1
		*TM_SCALEAXIS 0	0	0
		*TM_SCALEAXISANG 0	0	0
	}
}
*HELPEROBJECT {
	*NODE_NAME "Bip01 Tail4"
	*NODE_PARENT "Bip01 Tail3"
	*NODE_TM {
		*NODE_NAME "Bip01 Tail4"
		*TM_ROW0 -2.4324e-006	0.985642	0.16885
		*TM_ROW1 -3.06964e-006	-0.16885	0.985642
		*TM_ROW2 1	1.75834e-006	3.34926e-006
		*TM_ROW3 -0.000172	135.928	-27.6649
		*TM_POS -0.000172	135.928	-27.6649
		*TM_ROTAXIS -0.607334	-0.51214	-0.607337
		*TM_ROTANGLE 2.19497
		*TM_SCALE 1	1	1
		*TM_SCALEAXIS 0	0	0
		*TM_SCALEAXISANG 0	0	0
	}
}
*HELPEROBJECT {
	*NODE_NAME "Dummy"
	*NODE_PARENT "Bip01 Kiefer2"
	*NODE_TM {
		*NODE_NAME "Dummy"
		*TM_ROW0 -1	-0	0
		*TM_ROW1 -0	-1	0
		*TM_ROW2 -0	-0	1
		*TM_ROW3 3.8e-005	-113.254	0.872599
		*TM_POS 3.8e-005	-113.254	0.872599
		*TM_ROTAXIS 0	0	-1
		*TM_ROTANGLE 3.14159
		*TM_SCALE 1	1	1
		*TM_SCALEAXIS 0	0	0
		*TM_SCALEAXISANG 0	0	0
	}
}
*HELPEROBJECT {
	*NODE_NAME "Dummy1"
	*NODE_PARENT "Bip01 L Finger02"
	*NODE_TM {
		*NODE_NAME "Dummy1"
		*TM_ROW0 -1	-0	0
		*TM_ROW1 -0	-1	0
		*TM_ROW2 -0	-0	1
		*TM_ROW3 20.4734	-104.938	-30.4786
		*TM_POS 20.4734	-104.938	-30.4786
		*TM_ROTAXIS 0	0	-1
		*TM_ROTANGLE 3.14159
		*TM_SCALE 1	1	1
		*TM_SCALEAXIS 0	0	0
		*TM_SCALEAXISANG 0	0	0
	}
}
*HELPEROBJECT {
	*NODE_NAME "Dummy2"
	*NODE_PARENT "Bip01 R Finger02"
	*NODE_TM {
		*NODE_NAME "Dummy2"
		*TM_ROW0 -1	-0	0
		*TM_ROW1 -0	-1	0
		*TM_ROW2 -0	-0	1
		*TM_ROW3 -20.473	-104.938	-30.4786
		*TM_POS -20.473	-104.938	-30.4786
		*TM_ROTAXIS 0	0	-1
		*TM_ROTANGLE 3.14159
		*TM_SCALE 1	1	1
		*TM_SCALEAXIS 0	0	0
		*TM_SCALEAXISANG 0	0	0
	}
}
*HELPEROBJECT {
	*NODE_NAME "Dummy3"
	*NODE_PARENT "Bip01 L Toe02"
	*NODE_TM {
		*NODE_NAME "Dummy3"
		*TM_ROW0 -1	-0	0
		*TM_ROW1 -0	-1	0
		*TM_ROW2 -0	-0	1
		*TM_ROW3 28.0497	4.26878	-34.0269
		*TM_POS 28.0497	4.26878	-34.0269
		*TM_ROTAXIS 0	0	-1
		*TM_ROTANGLE 3.14159
		*TM_SCALE 1	1	1
		*TM_SCALEAXIS 0	0	0
		*TM_SCALEAXISANG 0	0	0
	}
}
*HELPEROBJECT {
	*NODE_NAME "Dummy4"
	*NODE_PARENT "Bip01 R Toe02"
	*NODE_TM {
		*NODE_NAME "Dummy4"
		*TM_ROW0 -1	-0	0
		*TM_ROW1 -0	-1	0
		*TM_ROW2 -0	-0	1
		*TM_ROW3 -28.0496	4.26869	-34.0269
		*TM_POS -28.0496	4.26869	-34.0269
		*TM_ROTAXIS 0	0	-1
		*TM_ROTANGLE 3.14159
		*TM_SCALE 1	1	1
		*TM_SCALEAXIS 0	0	0
		*TM_SCALEAXISANG 0	0	0
	}
}
*HELPEROBJECT {
	*NODE_NAME "Dummy5"
	*NODE_PARENT "Bip01 Tail4"
	*NODE_TM {
		*NODE_NAME "Dummy5"
		*TM_ROW0 -1	-0	0
		*TM_ROW1 -0	-1	0
		*TM_ROW2 -0	-0	1
		*TM_ROW3 -0.0001955	152.353	-28.7439
		*TM_POS -0.0001955	152.353	-28.7439
		*TM_ROTAXIS 0	0	-1
		*TM_ROTANGLE 3.14159
		*TM_SCALE 1	1	1
		*TM_SCALEAXIS 0	0	0
		*TM_SCALEAXISANG 0	0	0
	}
}
*GEOMOBJECT {
	*NODE_NAME "zm_Skin"
	*NODE_PARENT "Bip01"
	*NODE_TM {
		*NODE_NAME "zm_Skin"
		*TM_ROW0 -1	-0	0
		*TM_ROW1 -0	-1	0
		*TM_ROW2 -0	-0	1
		*TM_ROW3 -0	-0	0
		*TM_POS -0	-0	0
		*TM_ROTAXIS 0	0	-1
		*TM_ROTANGLE 3.14159
		*TM_SCALE 1	1	1
		*TM_SCALEAXIS 0	0	0
		*TM_SCALEAXISANG 0	0	0
	}
	*MATERIAL_REF 0
	*MESH_SOFTSKIN {
		*TIMEVALUE 0
		*MESH_NUMVERTEX 213
		*MESH_NUMFACES 430
		*MESH_VERTEX_LIST {
			*MESH_VERTEX 0	4.89597	49.4658	11.0712
			*MESH_VERTEX 1	4.2e-005	-136.469	9.06036
			*MESH_VERTEX 2	18.1199	0.468698	1.15083
			*MESH_VERTEX 3	1.69799	136.55	-28.3096
			*MESH_VERTEX 4	2.24963	102.9	-26.2788
			*MESH_VERTEX 5	0.034963	74.212	-9.79323
			*MESH_VERTEX 6	-0.000221	168.518	-22.8665
			*MESH_VERTEX 7	-4.89596	49.4657	11.071
			*MESH_VERTEX 8	0.287652	20.9717	21.5921
			*MESH_VERTEX 9	24.607	29.0027	0.0691058
			*MESH_VERTEX 10	25.43	9.81881	23.0837
			*MESH_VERTEX 11	-18.1199	0.468657	1.15083
			*MESH_VERTEX 12	-24.6071	29.0026	0.0691053
			*MESH_VERTEX 13	-25.43	9.81879	23.0837
			*MESH_VERTEX 14	-17.387	-83.4263	-28.9742
			*MESH_VERTEX 15	-17.5533	-73.0226	-15.5107
			*MESH_VERTEX 16	17.3871	-83.4263	-28.9742
			*MESH_VERTEX 17	17.5534	-73.0225	-15.5107
			*MESH_VERTEX 18	28.2768	20.0255	-25.6505
			*MESH_VERTEX 19	26.832	20.5947	-10.1563
			*MESH_VERTEX 20	-28.2768	20.0255	-25.6505
			*MESH_VERTEX 21	-26.832	20.5947	-10.1562
			*MESH_VERTEX 22	8.75169	-108.23	27.7297
			*MESH_VERTEX 23	-10.0375	-97.0776	0.59602
			*MESH_VERTEX 24	5.86597	-120.521	7.81014
			*MESH_VERTEX 25	3.8e-005	-108.932	3.52833
			*MESH_VERTEX 26	4e-005	-129.027	5.05963
			*MESH_VERTEX 27	15.7983	-96.7508	34.1328
			*MESH_VERTEX 28	14.5642	-104.967	34.1705
			*MESH_VERTEX 29	21.8739	-99.0705	-32.4502
			*MESH_VERTEX 30	18.794	-92.7603	-28.9431
			*MESH_VERTEX 31	-21.8738	-99.0705	-32.4502
			*MESH_VERTEX 32	-18.7939	-92.7603	-28.9431
			*MESH_VERTEX 33	-8.7516	-108.23	27.7297
			*MESH_VERTEX 34	-15.7982	-96.7508	34.1328
			*MESH_VERTEX 35	-11.0528	-103.178	22.4294
			*MESH_VERTEX 36	-24.7571	-68.4228	14.1817
			*MESH_VERTEX 37	17.3575	-14.7296	0.652111
			*MESH_VERTEX 38	-17.3575	-14.7296	0.652128
			*MESH_VERTEX 39	-25.2005	7.99562	-32.8921
			*MESH_VERTEX 40	-28.7146	23.7836	-31.7218
			*MESH_VERTEX 41	25.2005	7.99564	-32.8922
			*MESH_VERTEX 42	28.7145	23.7836	-31.7218
			*MESH_VERTEX 43	-1.2e-005	8.29122	42.5686
			*MESH_VERTEX 44	24.7572	-68.4228	14.1817
			*MESH_VERTEX 45	16.6402	5.99708	39.1849
			*MESH_VERTEX 46	12.8189	-90.4241	12.8717
			*MESH_VERTEX 47	11.0529	-103.178	22.4294
			*MESH_VERTEX 48	6.4721	-100.914	26.5083
			*MESH_VERTEX 49	13.1618	-81.8996	-31.0547
			*MESH_VERTEX 50	-13.1617	-81.8996	-31.0547
			*MESH_VERTEX 51	18.8881	-59.9945	-14.0114
			*MESH_VERTEX 52	-18.888	-59.9945	-14.0113
			*MESH_VERTEX 53	-1.69803	136.55	-28.3096
			*MESH_VERTEX 54	-2.24962	102.9	-26.2789
			*MESH_VERTEX 55	21.5836	21.9351	-0.615856
			*MESH_VERTEX 56	-21.5836	21.9351	-0.615838
			*MESH_VERTEX 57	32.4437	14.4913	-30.5915
			*MESH_VERTEX 58	-32.4437	14.4912	-30.5914
			*MESH_VERTEX 59	5.19771	-142.375	17.8227
			*MESH_VERTEX 60	31.3173	-8.20396	22.6903
			*MESH_VERTEX 61	29.0132	3.60964	-19.7644
			*MESH_VERTEX 62	-5.1976	-142.375	17.8227
			*MESH_VERTEX 63	-12.8188	-90.424	12.8717
			*MESH_VERTEX 64	-14.5641	-104.967	34.1705
			*MESH_VERTEX 65	-6.47202	-100.914	26.5083
			*MESH_VERTEX 66	-31.3173	-8.20397	22.6903
			*MESH_VERTEX 67	-28.6797	3.80692	-19.9789
			*MESH_VERTEX 68	-6.27211	21.1307	27.6856
			*MESH_VERTEX 69	-0.88982	-36.6613	44.3213
			*MESH_VERTEX 70	-16.6402	5.99705	39.1849
			*MESH_VERTEX 71	-18.8607	-36.7503	20.5546
			*MESH_VERTEX 72	18.8607	-36.7503	20.5545
			*MESH_VERTEX 73	-0.217707	-57.3935	-8.55266
			*MESH_VERTEX 74	6.27216	21.1308	27.6858
			*MESH_VERTEX 75	25.8524	10.191	-4.80185
			*MESH_VERTEX 76	-6.78385	-123.71	11.39
			*MESH_VERTEX 77	-25.8736	10.0253	-5.02818
			*MESH_VERTEX 78	0.000152	-102.95	31.2638
			*MESH_VERTEX 79	-19.773	-82.4136	-31.1017
			*MESH_VERTEX 80	19.7731	-82.4136	-31.1018
			*MESH_VERTEX 81	0.036904	102.142	-29.4
			*MESH_VERTEX 82	-2.05801	-135.507	10.6742
			*MESH_VERTEX 83	-21.4776	6.86918	-13.1205
			*MESH_VERTEX 84	21.4444	6.69702	-12.8353
			*MESH_VERTEX 85	-0.079526	-60.188	33.2299
			*MESH_VERTEX 86	-16.7589	-92.4566	30.003
			*MESH_VERTEX 87	16.759	-92.4566	30.003
			*MESH_VERTEX 88	-5.86589	-120.521	7.81014
			*MESH_VERTEX 89	17.3244	-12.3346	42.9593
			*MESH_VERTEX 90	-12.6501	-66.8212	-14.8595
			*MESH_VERTEX 91	10.0376	-97.0776	0.596011
			*MESH_VERTEX 92	12.6501	-66.8212	-14.8595
			*MESH_VERTEX 93	22.6539	-66.9485	-14.7052
			*MESH_VERTEX 94	-22.6539	-66.9485	-14.7052
			*MESH_VERTEX 95	-17.3244	-12.3346	42.9593
			*MESH_VERTEX 96	-25.8109	22.0902	-27.9523
			*MESH_VERTEX 97	25.8109	22.0902	-27.9524
			*MESH_VERTEX 98	-1.1e-005	8.27399	6.3789
			*MESH_VERTEX 99	-3.22518	-77.3928	-7.65544
			*MESH_VERTEX 100	30.5489	22.1155	-28.0086
			*MESH_VERTEX 101	29.208	27.0244	-2.35539
			*MESH_VERTEX 102	-30.5489	22.1154	-28.0086
			*MESH_VERTEX 103	-29.208	27.0244	-2.3554
			*MESH_VERTEX 104	-8.10661	-87.5367	24.5635
			*MESH_VERTEX 105	8.10667	-87.5367	24.5636
			*MESH_VERTEX 106	-31.0009	6.95365	-13.0048
			*MESH_VERTEX 107	16.2484	-80.9477	-32.8411
			*MESH_VERTEX 108	-16.2482	-80.9477	-32.841
			*MESH_VERTEX 109	0.022151	103.653	-23.1551
			*MESH_VERTEX 110	-25.5149	24.1585	3.23609
			*MESH_VERTEX 111	25.5148	24.1585	3.23609
			*MESH_VERTEX 112	0.000215	-145.937	18.9795
			*MESH_VERTEX 113	3.08858	-99.1184	-2.88975
			*MESH_VERTEX 114	-7.44163	-106.754	7.42806
			*MESH_VERTEX 115	-16.4955	-99.0467	-32.1982
			*MESH_VERTEX 116	16.4955	-99.0467	-32.1983
			*MESH_VERTEX 117	-18.0807	-56.9185	-1.09021
			*MESH_VERTEX 118	18.0807	-56.9185	-1.09022
			*MESH_VERTEX 119	7.4417	-106.754	7.42806
			*MESH_VERTEX 120	30.9585	6.67132	-12.6392
			*MESH_VERTEX 121	-10.2499	-97.211	30.2524
			*MESH_VERTEX 122	10.25	-97.211	30.2524
			*MESH_VERTEX 123	-0.065878	-87.4896	27.6905
			*MESH_VERTEX 124	-13.2441	-73.9694	27.9655
			*MESH_VERTEX 125	13.2441	-73.9694	27.9655
			*MESH_VERTEX 126	4.10659	-140.043	13.8575
			*MESH_VERTEX 127	22.6436	26.5503	-1.67106
			*MESH_VERTEX 128	-22.6436	26.5503	-1.67106
			*MESH_VERTEX 129	-27.1505	10.2561	-20.7266
			*MESH_VERTEX 130	-11.8325	-60.6564	28.5583
			*MESH_VERTEX 131	11.8325	-60.6564	28.5583
			*MESH_VERTEX 132	-8.20113	-119.684	26.2212
			*MESH_VERTEX 133	8.20122	-119.684	26.2212
			*MESH_VERTEX 134	0.044181	69.6873	-15.8364
			*MESH_VERTEX 135	-3.52576	71.9521	-12.817
			*MESH_VERTEX 136	3.52578	71.9522	-12.8169
			*MESH_VERTEX 137	15.7496	-94.5875	25.3479
			*MESH_VERTEX 138	9.6043	-100.747	28.0729
			*MESH_VERTEX 139	-15.7495	-94.5875	25.3479
			*MESH_VERTEX 140	-9.60422	-100.747	28.0729
			*MESH_VERTEX 141	15.6958	-79.6998	-1.41351
			*MESH_VERTEX 142	-15.6957	-79.6998	-1.4135
			*MESH_VERTEX 143	27.0963	8.90555	-19.6025
			*MESH_VERTEX 144	6.78394	-123.71	11.39
			*MESH_VERTEX 145	2.10622	-132.902	7.59528
			*MESH_VERTEX 146	0.00018	-121.702	11.6026
			*MESH_VERTEX 147	-0.112518	-121.306	8.65339
			*MESH_VERTEX 148	-2.10614	-132.902	7.59528
			*MESH_VERTEX 149	0.000211	-143.241	14.7327
			*MESH_VERTEX 150	2.76163	-136.351	12.6267
			*MESH_VERTEX 151	2.05811	-135.507	10.6742
			*MESH_VERTEX 152	0.000202	-137.136	10.708
			*MESH_VERTEX 153	-4.10648	-140.043	13.8575
			*MESH_VERTEX 154	-2.76153	-136.351	12.6267
			*MESH_VERTEX 155	13.307	-37.0206	39.8989
			*MESH_VERTEX 156	-28.7597	22.4313	-0.975391
			*MESH_VERTEX 157	28.7597	22.4313	-0.975407
			*MESH_VERTEX 158	-13.307	-37.0206	39.8989
			*MESH_VERTEX 159	-17.8454	-30.8103	-4.10399
			*MESH_VERTEX 160	17.8454	-30.8103	-4.104
			*MESH_VERTEX 161	24.032	15.4313	-30.3737
			*MESH_VERTEX 162	28.0438	14.985	-27.2057
			*MESH_VERTEX 163	27.9434	14.9248	-33.0418
			*MESH_VERTEX 164	30.6777	7.93007	-32.9347
			*MESH_VERTEX 165	-24.032	15.4313	-30.3737
			*MESH_VERTEX 166	-28.0438	14.985	-27.2057
			*MESH_VERTEX 167	-27.9434	14.9247	-33.0418
			*MESH_VERTEX 168	-30.6777	7.93006	-32.9347
			*MESH_VERTEX 169	-11.4384	-115.471	18.6034
			*MESH_VERTEX 170	0.000189	-128.19	24.597
			*MESH_VERTEX 171	-6.11927	-124.341	23.0305
			*MESH_VERTEX 172	11.4385	-115.471	18.6034
			*MESH_VERTEX 173	6.11937	-124.341	23.0305
			*MESH_VERTEX 174	0.000199	-135.234	12.6738
			*MESH_VERTEX 175	-0.243196	-14.5069	46.4254
			*MESH_VERTEX 176	22.615	-93.1215	-30.9851
			*MESH_VERTEX 177	-22.6149	-93.1216	-30.9851
			*MESH_VERTEX 178	11.9121	-124.283	18.4249
			*MESH_VERTEX 179	-11.912	-124.283	18.4249
			*MESH_VERTEX 180	0.022522	46.6311	7.4623
			*MESH_VERTEX 181	0.021296	52.307	14.675
			*MESH_VERTEX 182	0.000198	-134.552	10.4135
			*MESH_VERTEX 183	-3.35662	-142.135	20.1656
			*MESH_VERTEX 184	3.35673	-142.135	20.1656
			*MESH_VERTEX 185	0.000206	-139.611	12.9683
			*MESH_VERTEX 186	0.010748	136.692	-30.5319
			*MESH_VERTEX 187	-0.841612	-74.1518	31.9447
			*MESH_VERTEX 188	0.000179	-121.762	27.8927
			*MESH_VERTEX 189	-18.2611	-93.0624	-32.7707
			*MESH_VERTEX 190	-13.8688	-92.7111	-31.0335
			*MESH_VERTEX 191	18.2612	-93.0624	-32.7707
			*MESH_VERTEX 192	13.8689	-92.7111	-31.0336
			*MESH_VERTEX 193	4.1e-005	-135.382	7.54921
			*MESH_VERTEX 194	-13.0774	-102.919	14.7661
			*MESH_VERTEX 195	13.0774	-102.919	14.7661
			*MESH_VERTEX 196	27.7156	6.90178	-32.9695
			*MESH_VERTEX 197	4.1e-005	-131.376	8.07698
			*MESH_VERTEX 198	0.00547	136.401	-26.0898
			*MESH_VERTEX 199	1.86389	-134.83	8.58571
			*MESH_VERTEX 200	-1.86381	-134.83	8.58571
			*MESH_VERTEX 201	-27.643	6.95892	-33.0059
			*MESH_VERTEX 202	0.000209	-141.902	21.1216
			*MESH_VERTEX 203	4.1e-005	-133.985	8.86067
			*MESH_VERTEX 204	0.35368	21.5031	35.1663
			*MESH_VERTEX 205	-4.2581	-35.68	-4.33654
			*MESH_VERTEX 206	-0.926172	-16.7967	1.23067
			*MESH_VERTEX 207	3.63921	-128.034	7.3597
			*MESH_VERTEX 208	-3.63913	-128.034	7.35971
			*MESH_VERTEX 209	-19.4628	-100.05	-32.4405
			*MESH_VERTEX 210	19.4629	-100.05	-32.4406
			*MESH_VERTEX 211	11.9121	-124.283	18.4249
			*MESH_VERTEX 212	11.4385	-115.471	18.6034
		}
		*MESH_FACE_LIST {
			*MESH_FACE    0:    A:    205 B:    160 C:    73 AB:    1 BC:    1 CA:    1	 *MESH_SMOOTHING 1 	*MESH_MTLID 0
			*MESH_FACE    1:    A:    131 B:    72 C:    155 AB:    1 BC:    1 CA:    1	 *MESH_SMOOTHING 1 	*MESH_MTLID 0
			*MESH_FACE    2:    A:    3 B:    109 C:    4 AB:    1 BC:    1 CA:    1	 *MESH_SMOOTHING 1 	*MESH_MTLID 0
			*MESH_FACE    3:    A:    3 B:    109 C:    4 AB:    1 BC:    1 CA:    1	 *MESH_SMOOTHING 1 	*MESH_MTLID 0
			*MESH_FACE    4:    A:    54 B:    109 C:    53 AB:    1 BC:    1 CA:    1	 *MESH_SMOOTHING 1 	*MESH_MTLID 0
			*MESH_FACE    5:    A:    54 B:    109 C:    53 AB:    1 BC:    1 CA:    1	 *MESH_SMOOTHING 1 	*MESH_MTLID 0
			*MESH_FACE    6:    A:    135 B:    5 C:    54 AB:    1 BC:    1 CA:    1	 *MESH_SMOOTHING 1 	*MESH_MTLID 0
			*MESH_FACE    7:    A:    4 B:    5 C:    136 AB:    1 BC:    1 CA:    1	 *MESH_SMOOTHING 1 	*MESH_MTLID 0
			*MESH_FACE    8:    A:    109 B:    3 C:    198 AB:    1 BC:    1 CA:    1	 *MESH_SMOOTHING 1 	*MESH_MTLID 0
			*MESH_FACE    9:    A:    109 B:    3 C:    198 AB:    1 BC:    1 CA:    1	 *MESH_SMOOTHING 1 	*MESH_MTLID 0
			*MESH_FACE    10:    A:    4 B:    186 C:    3 AB:    1 BC:    1 CA:    1	 *MESH_SMOOTHING 1 	*MESH_MTLID 0
			*MESH_FACE    11:    A:    4 B:    186 C:    3 AB:    1 BC:    1 CA:    1	 *MESH_SMOOTHING 1 	*MESH_MTLID 0
			*MESH_FACE    12:    A:    181 B:    7 C:    204 AB:    1 BC:    1 CA:    1	 *MESH_SMOOTHING 1 	*MESH_MTLID 0
			*MESH_FACE    13:    A:    180 B:    7 C:    134 AB:    1 BC:    1 CA:    1	 *MESH_SMOOTHING 1 	*MESH_MTLID 0
			*MESH_FACE    14:    A:    134 B:    0 C:    180 AB:    1 BC:    1 CA:    1	 *MESH_SMOOTHING 1 	*MESH_MTLID 0
			*MESH_FACE    15:    A:    204 B:    0 C:    181 AB:    1 BC:    1 CA:    1	 *MESH_SMOOTHING 1 	*MESH_MTLID 0
			*MESH_FACE    16:    A:    74 B:    10 C:    2 AB:    1 BC:    1 CA:    1	 *MESH_SMOOTHING 1 	*MESH_MTLID 0
			*MESH_FACE    17:    A:    10 B:    120 C:    75 AB:    1 BC:    1 CA:    1	 *MESH_SMOOTHING 1 	*MESH_MTLID 0
			*MESH_FACE    18:    A:    160 B:    72 C:    118 AB:    1 BC:    1 CA:    1	 *MESH_SMOOTHING 1 	*MESH_MTLID 0
			*MESH_FACE    19:    A:    60 B:    37 C:    120 AB:    1 BC:    1 CA:    1	 *MESH_SMOOTHING 1 	*MESH_MTLID 0
			*MESH_FACE    20:    A:    8 B:    2 C:    98 AB:    1 BC:    1 CA:    1	 *MESH_SMOOTHING 1 	*MESH_MTLID 0
			*MESH_FACE    21:    A:    158 B:    71 C:    130 AB:    1 BC:    1 CA:    1	 *MESH_SMOOTHING 1 	*MESH_MTLID 0
			*MESH_FACE    22:    A:    11 B:    13 C:    68 AB:    1 BC:    1 CA:    1	 *MESH_SMOOTHING 1 	*MESH_MTLID 0
			*MESH_FACE    23:    A:    77 B:    106 C:    13 AB:    1 BC:    1 CA:    1	 *MESH_SMOOTHING 1 	*MESH_MTLID 0
			*MESH_FACE    24:    A:    117 B:    71 C:    159 AB:    1 BC:    1 CA:    1	 *MESH_SMOOTHING 1 	*MESH_MTLID 0
			*MESH_FACE    25:    A:    106 B:    38 C:    66 AB:    1 BC:    1 CA:    1	 *MESH_SMOOTHING 1 	*MESH_MTLID 0
			*MESH_FACE    26:    A:    36 B:    130 C:    71 AB:    1 BC:    1 CA:    1	 *MESH_SMOOTHING 1 	*MESH_MTLID 0
			*MESH_FACE    27:    A:    92 B:    73 C:    160 AB:    1 BC:    1 CA:    1	 *MESH_SMOOTHING 1 	*MESH_MTLID 0
			*MESH_FACE    28:    A:    90 B:    117 C:    159 AB:    1 BC:    1 CA:    1	 *MESH_SMOOTHING 1 	*MESH_MTLID 0
			*MESH_FACE    29:    A:    71 B:    117 C:    36 AB:    1 BC:    1 CA:    1	 *MESH_SMOOTHING 1 	*MESH_MTLID 0
			*MESH_FACE    30:    A:    72 B:    131 C:    44 AB:    1 BC:    1 CA:    1	 *MESH_SMOOTHING 1 	*MESH_MTLID 0
			*MESH_FACE    31:    A:    91 B:    99 C:    92 AB:    1 BC:    1 CA:    1	 *MESH_SMOOTHING 1 	*MESH_MTLID 0
			*MESH_FACE    32:    A:    160 B:    118 C:    92 AB:    1 BC:    1 CA:    1	 *MESH_SMOOTHING 1 	*MESH_MTLID 0
			*MESH_FACE    33:    A:    44 B:    118 C:    72 AB:    1 BC:    1 CA:    1	 *MESH_SMOOTHING 1 	*MESH_MTLID 0
			*MESH_FACE    34:    A:    97 B:    19 C:    127 AB:    1 BC:    1 CA:    1	 *MESH_SMOOTHING 1 	*MESH_MTLID 0
			*MESH_FACE    35:    A:    101 B:    19 C:    100 AB:    1 BC:    1 CA:    1	 *MESH_SMOOTHING 1 	*MESH_MTLID 0
			*MESH_FACE    36:    A:    157 B:    75 C:    120 AB:    1 BC:    1 CA:    1	 *MESH_SMOOTHING 1 	*MESH_MTLID 0
			*MESH_FACE    37:    A:    37 B:    84 C:    61 AB:    1 BC:    1 CA:    1	 *MESH_SMOOTHING 1 	*MESH_MTLID 0
			*MESH_FACE    38:    A:    128 B:    21 C:    96 AB:    1 BC:    1 CA:    1	 *MESH_SMOOTHING 1 	*MESH_MTLID 0
			*MESH_FACE    39:    A:    102 B:    21 C:    103 AB:    1 BC:    1 CA:    1	 *MESH_SMOOTHING 1 	*MESH_MTLID 0
			*MESH_FACE    40:    A:    106 B:    77 C:    156 AB:    1 BC:    1 CA:    1	 *MESH_SMOOTHING 1 	*MESH_MTLID 0
			*MESH_FACE    41:    A:    67 B:    83 C:    38 AB:    1 BC:    1 CA:    1	 *MESH_SMOOTHING 1 	*MESH_MTLID 0
			*MESH_FACE    42:    A:    130 B:    85 C:    158 AB:    1 BC:    1 CA:    1	 *MESH_SMOOTHING 1 	*MESH_MTLID 0
			*MESH_FACE    43:    A:    44 B:    125 C:    46 AB:    1 BC:    1 CA:    1	 *MESH_SMOOTHING 1 	*MESH_MTLID 0
			*MESH_FACE    44:    A:    142 B:    23 C:    63 AB:    1 BC:    1 CA:    1	 *MESH_SMOOTHING 1 	*MESH_MTLID 0
			*MESH_FACE    45:    A:    73 B:    92 C:    99 AB:    1 BC:    1 CA:    1	 *MESH_SMOOTHING 1 	*MESH_MTLID 0
			*MESH_FACE    46:    A:    46 B:    91 C:    141 AB:    1 BC:    1 CA:    1	 *MESH_SMOOTHING 1 	*MESH_MTLID 0
			*MESH_FACE    47:    A:    88 B:    114 C:    25 AB:    1 BC:    1 CA:    1	 *MESH_SMOOTHING 1 	*MESH_MTLID 0
			*MESH_FACE    48:    A:    207 B:    25 C:    24 AB:    1 BC:    1 CA:    1	 *MESH_SMOOTHING 1 	*MESH_MTLID 0
			*MESH_FACE    49:    A:    99 B:    91 C:    113 AB:    1 BC:    1 CA:    1	 *MESH_SMOOTHING 1 	*MESH_MTLID 0
			*MESH_FACE    50:    A:    25 B:    26 C:    208 AB:    1 BC:    1 CA:    1	 *MESH_SMOOTHING 1 	*MESH_MTLID 0
			*MESH_FACE    51:    A:    25 B:    207 C:    26 AB:    1 BC:    1 CA:    1	 *MESH_SMOOTHING 1 	*MESH_MTLID 0
			*MESH_FACE    52:    A:    28 B:    27 C:    122 AB:    1 BC:    1 CA:    1	 *MESH_SMOOTHING 1 	*MESH_MTLID 0
			*MESH_FACE    53:    A:    27 B:    28 C:    138 AB:    1 BC:    1 CA:    1	 *MESH_SMOOTHING 1 	*MESH_MTLID 0
			*MESH_FACE    54:    A:    30 B:    176 C:    16 AB:    1 BC:    1 CA:    1	 *MESH_SMOOTHING 1 	*MESH_MTLID 0
			*MESH_FACE    55:    A:    16 B:    192 C:    30 AB:    1 BC:    1 CA:    1	 *MESH_SMOOTHING 1 	*MESH_MTLID 0
			*MESH_FACE    56:    A:    14 B:    177 C:    32 AB:    1 BC:    1 CA:    1	 *MESH_SMOOTHING 1 	*MESH_MTLID 0
			*MESH_FACE    57:    A:    32 B:    190 C:    14 AB:    1 BC:    1 CA:    1	 *MESH_SMOOTHING 1 	*MESH_MTLID 0
			*MESH_FACE    58:    A:    170 B:    171 C:    183 AB:    1 BC:    1 CA:    1	 *MESH_SMOOTHING 1 	*MESH_MTLID 0
			*MESH_FACE    59:    A:    114 B:    76 C:    169 AB:    1 BC:    1 CA:    1	 *MESH_SMOOTHING 1 	*MESH_MTLID 0
			*MESH_FACE    60:    A:    139 B:    35 C:    140 AB:    1 BC:    1 CA:    1	 *MESH_SMOOTHING 1 	*MESH_MTLID 0
			*MESH_FACE    61:    A:    33 B:    65 C:    64 AB:    1 BC:    1 CA:    1	 *MESH_SMOOTHING 1 	*MESH_MTLID 0
			*MESH_FACE    62:    A:    33 B:    78 C:    65 AB:    1 BC:    1 CA:    1	 *MESH_SMOOTHING 1 	*MESH_MTLID 0
			*MESH_FACE    63:    A:    179 B:    62 C:    171 AB:    1 BC:    1 CA:    1	 *MESH_SMOOTHING 1 	*MESH_MTLID 0
			*MESH_FACE    64:    A:    36 B:    142 C:    63 AB:    1 BC:    1 CA:    1	 *MESH_SMOOTHING 1 	*MESH_MTLID 0
			*MESH_FACE    65:    A:    94 B:    15 C:    36 AB:    1 BC:    1 CA:    1	 *MESH_SMOOTHING 1 	*MESH_MTLID 0
			*MESH_FACE    66:    A:    37 B:    98 C:    2 AB:    1 BC:    1 CA:    1	 *MESH_SMOOTHING 1 	*MESH_MTLID 0
			*MESH_FACE    67:    A:    84 B:    37 C:    2 AB:    1 BC:    1 CA:    1	 *MESH_SMOOTHING 1 	*MESH_MTLID 0
			*MESH_FACE    68:    A:    11 B:    38 C:    83 AB:    1 BC:    1 CA:    1	 *MESH_SMOOTHING 1 	*MESH_MTLID 0
			*MESH_FACE    69:    A:    98 B:    37 C:    206 AB:    1 BC:    1 CA:    1	 *MESH_SMOOTHING 1 	*MESH_MTLID 0
			*MESH_FACE    70:    A:    40 B:    102 C:    12 AB:    1 BC:    1 CA:    1	 *MESH_SMOOTHING 1 	*MESH_MTLID 0
			*MESH_FACE    71:    A:    12 B:    96 C:    40 AB:    1 BC:    1 CA:    1	 *MESH_SMOOTHING 1 	*MESH_MTLID 0
