*3DSMAX_ASCIIEXPORT	110
*COMMENT "[ GothicSourcer v3.16 ] - June 2007/March 2020"
*SCENE {
	*SCENE_FILENAME "RAT_LOOK_A01.MAX"
	*SCENE_FIRSTFRAME 0
	*SCENE_LASTFRAME 8
	*SCENE_FRAMESPEED 25
	*SCENE_TICKSPERFRAME 192
	*SCENE_BACKGROUND_STATIC 0	0	0
	*SCENE_AMBIENT_STATIC 0.2	0.2	0.2
}
*HELPEROBJECT {
	*NODE_NAME "Bip01"
	*NODE_TM {
		*NODE_NAME "Bip01"
		*TM_ROW0 1.47444e-007	-8.9407e-008	-1
		*TM_ROW1 1	1.81637e-006	8.9407e-008
		*TM_ROW2 1.72853e-006	-1	1.47444e-007
		*TM_ROW3 -0	0	31.7174
		*TM_POS -0	0	31.7174
		*TM_ROTAXIS -0.57735	-0.577351	0.57735
		*TM_ROTANGLE 2.09439
		*TM_SCALE 1	1	1
		*TM_SCALEAXIS 0	0	0
		*TM_SCALEAXISANG 0	0	0
	}
}
*HELPEROBJECT {
	*NODE_NAME "Bip01 Pelvis"
	*NODE_PARENT "Bip01"
	*NODE_TM {
		*NODE_NAME "Bip01 Pelvis"
		*TM_ROW0 1.47444e-007	-1	-8.9407e-008
		*TM_ROW1 1.72853e-006	1.47444e-007	-1
		*TM_ROW2 1	8.9407e-008	1.81637e-006
		*TM_ROW3 5.28196e-012	4.32786e-007	36.558
		*TM_POS 5.28196e-012	4.32786e-007	36.558
		*TM_ROTAXIS 0.57735	-0.57735	0.577351
		*TM_ROTANGLE 2.09439
		*TM_SCALE 1	1	1
		*TM_SCALEAXIS 0	0	0
		*TM_SCALEAXISANG 0	0	0
	}
}
*HELPEROBJECT {
	*NODE_NAME "Bip01 Spine"
	*NODE_PARENT "Bip01 Pelvis"
	*NODE_TM {
		*NODE_NAME "Bip01 Spine"
		*TM_ROW0 1.00752e-006	-0.999636	-0.0269727
		*TM_ROW1 -2.5034e-006	0.0269727	-0.999636
		*TM_ROW2 1	1.07288e-006	-2.38994e-006
		*TM_ROW3 1.9e-005	-13.0803	36.5738
		*TM_POS 1.9e-005	-13.0803	36.5738
		*TM_ROTAXIS 0.572089	-0.587733	0.572087
		*TM_ROTANGLE 2.07889
		*TM_SCALE 1	1	1
		*TM_SCALEAXIS 0	0	0
		*TM_SCALEAXISANG 0	0	0
	}
}
*HELPEROBJECT {
	*NODE_NAME "Bip01 Spine1"
	*NODE_PARENT "Bip01 Spine"
	*NODE_TM {
		*NODE_NAME "Bip01 Spine1"
		*TM_ROW0 1.76992e-006	-0.930126	-0.367241
		*TM_ROW1 -3.03984e-006	0.367241	-0.930126
		*TM_ROW2 1	2.6226e-006	-2.13418e-006
		*TM_ROW3 4.8e-005	-32.9006	36.0523
		*TM_POS 4.8e-005	-32.9006	36.0523
		*TM_ROTAXIS 0.490247	-0.720638	0.490244
		*TM_ROTANGLE 1.89271
		*TM_SCALE 1	1	1
		*TM_SCALEAXIS 0	0	0
		*TM_SCALEAXISANG 0	0	0
	}
}
*HELPEROBJECT {
	*NODE_NAME "Bip01 Spine2"
	*NODE_PARENT "Bip01 Spine1"
	*NODE_TM {
		*NODE_NAME "Bip01 Spine2"
		*TM_ROW0 1.55159e-006	-0.967948	-0.251151
		*TM_ROW1 -3.30806e-006	0.251151	-0.967948
		*TM_ROW2 1	2.26498e-006	-2.71014e-006
		*TM_ROW3 7.3e-005	-49.4518	29.5382
		*TM_POS 7.3e-005	-49.4518	29.5382
		*TM_ROTAXIS 0.521943	-0.674652	0.52194
		*TM_ROTANGLE 1.95457
		*TM_SCALE 1	1	1
		*TM_SCALEAXIS 0	0	0
		*TM_SCALEAXISANG 0	0	0
	}
}
*HELPEROBJECT {
	*NODE_NAME "Bip01 Neck"
	*NODE_PARENT "Bip01 Spine2"
	*NODE_TM {
		*NODE_NAME "Bip01 Neck"
		*TM_ROW0 1.235e-006	-0.999757	-0.0220677
		*TM_ROW1 -2.14577e-006	0.0220676	-0.999756
		*TM_ROW2 1	1.2815e-006	-2.13266e-006
		*TM_ROW3 0.000108	-73.2248	23.3887
		*TM_POS 0.000108	-73.2248	23.3887
		*TM_ROTAXIS 0.573057	-0.585845	0.573055
		*TM_ROTANGLE 2.0817
		*TM_SCALE 1	1	1
		*TM_SCALEAXIS 0	0	0
		*TM_SCALEAXISANG 0	0	0
	}
}
*HELPEROBJECT {
	*NODE_NAME "Bip01 Head"
	*NODE_PARENT "Bip01 Neck"
	*NODE_TM {
		*NODE_NAME "Bip01 Head"
		*TM_ROW0 2.14034e-006	-1	1.25621e-006
		*TM_ROW1 -3.06964e-006	-1.25775e-006	-1
		*TM_ROW2 1	2.08616e-006	-3.04526e-006
		*TM_ROW3 0.000143	-96.6712	22.8712
		*TM_POS 0.000143	-96.6712	22.8712
		*TM_ROTAXIS 0.577352	-0.57735	0.577349
		*TM_ROTANGLE 2.0944
		*TM_SCALE 1	1	1
		*TM_SCALEAXIS 0	0	0
		*TM_SCALEAXISANG 0	0	0
	}
	*TM_ANIMATION {
		*NODE_NAME  "Bip01 Head"
		*CONTROL_POS_TRACK {
			*CONTROL_POS_SAMPLE 0	0.000125943	-96.6708	22.8712
			*CONTROL_POS_SAMPLE 192	0.000125943	-96.6708	22.8712
			*CONTROL_POS_SAMPLE 384	0.000125943	-96.6708	22.8712
			*CONTROL_POS_SAMPLE 576	0.000125943	-96.6708	22.8712
			*CONTROL_POS_SAMPLE 768	0.000125943	-96.6708	22.8712
			*CONTROL_POS_SAMPLE 960	0.000125943	-96.6708	22.8712
			*CONTROL_POS_SAMPLE 1152	0.000125943	-96.6708	22.8712
			*CONTROL_POS_SAMPLE 1344	0.000125943	-96.6708	22.8712
			*CONTROL_POS_SAMPLE 1536	0.000125943	-96.6708	22.8712
		}
		*CONTROL_ROT_TRACK {
			*CONTROL_ROT_SAMPLE 0	0.932315	0.063292	0.356066	2.15346
			*CONTROL_ROT_SAMPLE 192	0.678595	-0.281107	0.678593	2.59352
			*CONTROL_ROT_SAMPLE 384	-0.230854	0.394585	-0.889387	2.97425
			*CONTROL_ROT_SAMPLE 576	0.944314	-0.199182	0.261911	1.89606
			*CONTROL_ROT_SAMPLE 768	0.622784	-0.473584	0.622782	2.25701
			*CONTROL_ROT_SAMPLE 960	-0.198157	0.593303	-0.780208	3.44075
			*CONTROL_ROT_SAMPLE 1152	0.932423	-0.360258	-0.0283152	1.42346
			*CONTROL_ROT_SAMPLE 1344	0.473323	-0.742921	0.473321	1.86368
			*CONTROL_ROT_SAMPLE 1536	-0.0783502	0.826473	-0.557497	3.37291
		}
		*CONTROL_SCALE_TRACK {
			*CONTROL_SCALE_SAMPLE	0	1	1	1	0	0	0	0
		}
	}
}
*HELPEROBJECT {
	*NODE_NAME "Bip01 Kiefer1"
	*NODE_PARENT "Bip01 Head"
	*NODE_TM {
		*NODE_NAME "Bip01 Kiefer1"
		*TM_ROW0 2.15607e-007	1	-4.51137e-009
		*TM_ROW1 -5.96046e-008	2.16236e-007	1
		*TM_ROW2 1	-5.96051e-008	2.15607e-007
		*TM_ROW3 3.8e-005	-110.502	18.6621
		*TM_POS 3.8e-005	-110.502	18.6621
		*TM_ROTAXIS -0.57735	-0.57735	-0.57735
		*TM_ROTANGLE 2.09439
		*TM_SCALE 1	1	1
		*TM_SCALEAXIS 0	0	0
		*TM_SCALEAXISANG 0	0	0
	}
}
*HELPEROBJECT {
	*NODE_NAME "Bip01 Kiefer2"
	*NODE_PARENT "Bip01 Kiefer1"
	*NODE_TM {
		*NODE_NAME "Bip01 Kiefer2"
		*TM_ROW0 2.15607e-007	1	-4.51136e-009
		*TM_ROW1 -5.96046e-008	2.16236e-007	1
		*TM_ROW2 1	-5.96051e-008	2.15607e-007
		*TM_ROW3 3.8e-005	-112.337	6.80243
		*TM_POS 3.8e-005	-112.337	6.80243
		*TM_ROTAXIS -0.57735	-0.57735	-0.57735
		*TM_ROTANGLE 2.09439
		*TM_SCALE 1	1	1
		*TM_SCALEAXIS 0	0	0
		*TM_SCALEAXISANG 0	0	0
	}
}
*HELPEROBJECT {
	*NODE_NAME "Bip01 L Clavicle"
	*NODE_PARENT "Bip01 Neck"
	*NODE_TM {
		*NODE_NAME "Bip01 L Clavicle"
		*TM_ROW0 0.980066	0.192342	0.0497429
		*TM_ROW1 2.68221e-007	-0.25038	0.968148
		*TM_ROW2 0.19867	-0.948849	-0.245389
		*TM_ROW3 5.6543	-73.2244	23.37
		*TM_POS 5.6543	-73.2244	23.37
		*TM_ROTAXIS -0.992045	-0.07707	-0.099537
		*TM_ROTANGLE 1.83159
		*TM_SCALE 1	1	1
		*TM_SCALEAXIS 0	0	0
		*TM_SCALEAXISANG 0	0	0
	}
}
*HELPEROBJECT {
	*NODE_NAME "Bip01 L UpperArm"
	*NODE_PARENT "Bip01 L Clavicle"
	*NODE_TM {
		*NODE_NAME "Bip01 L UpperArm"
		*TM_ROW0 -0.0570807	0.183643	-0.981334
		*TM_ROW1 -0.0541861	0.980918	0.186717
		*TM_ROW2 0.996898	0.0638327	-0.0460407
		*TM_ROW3 18.4784	-70.7076	24.0209
		*TM_POS 18.4784	-70.7076	24.0209
		*TM_ROTAXIS -0.061557	-0.990968	-0.119137
		*TM_ROTANGLE 1.63194
		*TM_SCALE 1	1	1
		*TM_SCALEAXIS 0	0	0
		*TM_SCALEAXISANG 0	0	0
	}
}
*HELPEROBJECT {
	*NODE_NAME "Bip01 L Forearm"
	*NODE_PARENT "Bip01 L UpperArm"
	*NODE_TM {
		*NODE_NAME "Bip01 L Forearm"
		*TM_ROW0 0.00613215	-0.646205	-0.763139
		*TM_ROW1 -0.0784639	0.76049	-0.644592
		*TM_ROW2 0.996898	0.0638317	-0.0460403
		*TM_ROW3 16.4368	-64.1392	-11.0785
		*TM_POS 16.4368	-64.1392	-11.0785
		*TM_ROTAXIS 0.35772	-0.888735	0.286682
		*TM_ROTANGLE 1.71096
		*TM_SCALE 1	1	1
		*TM_SCALEAXIS 0	0	0
		*TM_SCALEAXISANG 0	0	0
	}
}
*HELPEROBJECT {
	*NODE_NAME "Bip01 L Hand"
	*NODE_PARENT "Bip01 L Forearm"
	*NODE_TM {
		*NODE_NAME "Bip01 L Hand"
		*TM_ROW0 0.160882	-0.986521	0.0299021
		*TM_ROW1 -0.117134	-0.0491675	-0.991898
		*TM_ROW2 0.979998	0.156076	-0.123465
		*TM_ROW3 16.5984	-81.1765	-31.1988
		*TM_POS 16.5984	-81.1765	-31.1988
		*TM_ROTAXIS 0.66541	-0.550712	0.50393
		*TM_ROTANGLE 2.10119
		*TM_SCALE 1	1	1
		*TM_SCALEAXIS 0	0	0
		*TM_SCALEAXISANG 0	0	0
	}
}
*HELPEROBJECT {
	*NODE_NAME "Bip01 L Finger0"
	*NODE_PARENT "Bip01 L Hand"
	*NODE_TM {
		*NODE_NAME "Bip01 L Finger0"
		*TM_ROW0 0.160882	-0.986521	0.029902
		*TM_ROW1 -0.117912	-0.0492914	-0.9918
		*TM_ROW2 0.979905	0.156037	-0.124253
		*TM_ROW3 19.4484	-98.6527	-30.6691
		*TM_POS 19.4484	-98.6527	-30.6691
		*TM_ROTAXIS 0.665537	-0.550829	0.503635
		*TM_ROTANGLE 2.10172
		*TM_SCALE 1	1	1
		*TM_SCALEAXIS 0	0	0
		*TM_SCALEAXISANG 0	0	0
	}
}
*HELPEROBJECT {
	*NODE_NAME "Bip01 L Finger01"
	*NODE_PARENT "Bip01 L Finger0"
	*NODE_TM {
		*NODE_NAME "Bip01 L Finger01"
		*TM_ROW0 0.160882	-0.986521	0.029902
		*TM_ROW1 -0.117912	-0.0492914	-0.9918
		*TM_ROW2 0.979905	0.156037	-0.124253
		*TM_ROW3 19.8584	-101.167	-30.5929
		*TM_POS 19.8584	-101.167	-30.5929
		*TM_ROTAXIS 0.665537	-0.550829	0.503635
		*TM_ROTANGLE 2.10172
		*TM_SCALE 1	1	1
		*TM_SCALEAXIS 0	0	0
		*TM_SCALEAXISANG 0	0	0
	}
}
*HELPEROBJECT {
	*NODE_NAME "Bip01 L Finger02"
	*NODE_PARENT "Bip01 L Finger01"
	*NODE_TM {
		*NODE_NAME "Bip01 L Finger02"
		*TM_ROW0 0.160882	-0.986521	0.029902
		*TM_ROW1 -0.117912	-0.0492914	-0.9918
		*TM_ROW2 0.979905	0.156037	-0.124253
		*TM_ROW3 20.2684	-103.681	-30.5167
		*TM_POS 20.2684	-103.681	-30.5167
		*TM_ROTAXIS 0.665537	-0.550829	0.503635
		*TM_ROTANGLE 2.10172
		*TM_SCALE 1	1	1
		*TM_SCALEAXIS 0	0	0
		*TM_SCALEAXISANG 0	0	0
	}
}
*HELPEROBJECT {
	*NODE_NAME "Bip01 R Clavicle"
	*NODE_PARENT "Bip01 Neck"
	*NODE_TM {
		*NODE_NAME "Bip01 R Clavicle"
		*TM_ROW0 -0.980067	0.19234	0.0497433
		*TM_ROW1 8.04662e-007	-0.25038	0.968148
		*TM_ROW2 0.198669	0.94885	0.245389
		*TM_ROW3 -5.65409	-73.2244	23.37
		*TM_POS -5.65409	-73.2244	23.37
		*TM_ROTAXIS -0.079085	-0.6103	-0.788213
		*TM_ROTANGLE 3.01928
		*TM_SCALE 1	1	1
		*TM_SCALEAXIS 0	0	0
		*TM_SCALEAXISANG 0	0	0
	}
}
*HELPEROBJECT {
	*NODE_NAME "Bip01 R UpperArm"
	*NODE_PARENT "Bip01 R Clavicle"
	*NODE_TM {
		*NODE_NAME "Bip01 R UpperArm"
		*TM_ROW0 0.0570802	0.183642	-0.981334
		*TM_ROW1 0.0541824	0.980919	0.186716
		*TM_ROW2 0.996898	-0.0638288	0.0460409
		*TM_ROW3 -18.4782	-70.7076	24.0209
		*TM_POS -18.4782	-70.7076	24.0209
		*TM_ROTAXIS -0.125383	-0.989991	-0.064787
		*TM_ROTANGLE 1.52876
		*TM_SCALE 1	1	1
		*TM_SCALEAXIS 0	0	0
		*TM_SCALEAXISANG 0	0	0
	}
}
*HELPEROBJECT {
	*NODE_NAME "Bip01 R Forearm"
	*NODE_PARENT "Bip01 R UpperArm"
	*NODE_TM {
		*NODE_NAME "Bip01 R Forearm"
		*TM_ROW0 -0.00612992	-0.646205	-0.763139
		*TM_ROW1 0.0784632	0.76049	-0.644592
		*TM_ROW2 0.996898	-0.0638297	0.0460416
		*TM_ROW3 -16.4366	-64.1393	-11.0785
		*TM_POS -16.4366	-64.1393	-11.0785
		*TM_ROTAXIS 0.291838	-0.884434	0.364152
		*TM_ROTANGLE 1.67076
		*TM_SCALE 1	1	1
		*TM_SCALEAXIS 0	0	0
		*TM_SCALEAXISANG 0	0	0
	}
}
*HELPEROBJECT {
	*NODE_NAME "Bip01 R Hand"
	*NODE_PARENT "Bip01 R Forearm"
	*NODE_TM {
		*NODE_NAME "Bip01 R Hand"
		*TM_ROW0 -0.160878	-0.986521	0.0299009
		*TM_ROW1 0.117133	-0.0491653	-0.991898
		*TM_ROW2 0.979999	-0.156073	0.123464
		*TM_ROW3 -16.5982	-81.1766	-31.1988
		*TM_POS -16.5982	-81.1766	-31.1988
		*TM_ROTAXIS -0.497785	0.565841	-0.657293
		*TM_ROTANGLE 4.13804
		*TM_SCALE 1	1	1
		*TM_SCALEAXIS 0	0	0
		*TM_SCALEAXISANG 0	0	0
	}
}
*HELPEROBJECT {
	*NODE_NAME "Bip01 R Finger0"
	*NODE_PARENT "Bip01 R Hand"
	*NODE_TM {
		*NODE_NAME "Bip01 R Finger0"
		*TM_ROW0 -0.160878	-0.986521	0.0299015
		*TM_ROW1 0.117913	-0.0492903	-0.9918
		*TM_ROW2 0.979905	-0.156034	0.124254
		*TM_ROW3 -19.4481	-98.6527	-30.6691
		*TM_POS -19.4481	-98.6527	-30.6691
		*TM_ROTAXIS -0.497622	0.56564	-0.657589
		*TM_ROTANGLE 4.13843
		*TM_SCALE 1	1	1
		*TM_SCALEAXIS 0	0	0
		*TM_SCALEAXISANG 0	0	0
	}
}
*HELPEROBJECT {
	*NODE_NAME "Bip01 R Finger01"
	*NODE_PARENT "Bip01 R Finger0"
	*NODE_TM {
		*NODE_NAME "Bip01 R Finger01"
		*TM_ROW0 -0.160878	-0.986521	0.0299015
		*TM_ROW1 0.117913	-0.0492903	-0.9918
		*TM_ROW2 0.979905	-0.156034	0.124254
		*TM_ROW3 -19.8581	-101.167	-30.5929
		*TM_POS -19.8581	-101.167	-30.5929
		*TM_ROTAXIS -0.497622	0.56564	-0.657589
		*TM_ROTANGLE 4.13843
		*TM_SCALE 1	1	1
		*TM_SCALEAXIS 0	0	0
		*TM_SCALEAXISANG 0	0	0
	}
}
*HELPEROBJECT {
	*NODE_NAME "Bip01 R Finger02"
	*NODE_PARENT "Bip01 R Finger01"
	*NODE_TM {
		*NODE_NAME "Bip01 R Finger02"
		*TM_ROW0 -0.160878	-0.986521	0.0299015
		*TM_ROW1 0.117913	-0.0492902	-0.9918
		*TM_ROW2 0.979905	-0.156034	0.124254
		*TM_ROW3 -20.2681	-103.681	-30.5167
		*TM_POS -20.2681	-103.681	-30.5167
		*TM_ROTAXIS -0.497622	0.56564	-0.657589
		*TM_ROTANGLE 4.13843
		*TM_SCALE 1	1	1
		*TM_SCALEAXIS 0	0	0
		*TM_SCALEAXISANG 0	0	0
	}
}
*HELPEROBJECT {
	*NODE_NAME "Bip01 L Thigh"
	*NODE_PARENT "Bip01 Pelvis"
	*NODE_TM {
		*NODE_NAME "Bip01 L Thigh"
		*TM_ROW0 0.113204	0.025346	-0.993249
		*TM_ROW1 1.85147e-006	-0.999675	-0.0255097
		*TM_ROW2 -0.993572	0.00288595	-0.113167
		*TM_ROW3 20.9282	2.71357e-005	36.558
		*TM_POS 20.9282	2.71357e-005	36.558
		*TM_ROTAXIS 0.746031	0.008495	-0.665858
		*TM_ROTANGLE 3.12256
		*TM_SCALE 1	1	1
		*TM_SCALEAXIS 0	0	0
		*TM_SCALEAXISANG 0	0	0
	}
}
*HELPEROBJECT {
	*NODE_NAME "Bip01 L Calf"
	*NODE_PARENT "Bip01 L Thigh"
	*NODE_TM {
		*NODE_NAME "Bip01 L Calf"
		*TM_ROW0 -0.0457405	0.904201	0.424651
		*TM_ROW1 0.10355	0.427097	-0.898257
		*TM_ROW2 -0.993572	0.00288594	-0.113166
		*TM_ROW3 26.1019	1.15837	-8.83541
		*TM_POS 26.1019	1.15837	-8.83541
		*TM_ROTAXIS 0.484146	0.761951	-0.430156
		*TM_ROTANGLE 1.9454
		*TM_SCALE 1	1	1
		*TM_SCALEAXIS 0	0	0
		*TM_SCALEAXISANG 0	0	0
	}
}
*HELPEROBJECT {
	*NODE_NAME "Bip01 L HorseLink"
	*NODE_PARENT "Bip01 L Calf"
	*NODE_TM {
		*NODE_NAME "Bip01 L HorseLink"
		*TM_ROW0 0.112698	-0.0692085	-0.991216
		*TM_ROW1 -0.0106936	-0.997598	0.0684383
		*TM_ROW2 -0.993572	0.00288686	-0.113167
		*TM_ROW3 24.918	24.5611	2.15549
		*TM_POS 24.918	24.5611	2.15549
		*TM_ROTAXIS 0.745744	-0.026799	-0.665693
		*TM_ROTANGLE 3.18556
		*TM_SCALE 1	1	1
		*TM_SCALEAXIS 0	0	0
		*TM_SCALEAXISANG 0	0	0
	}
}
*HELPEROBJECT {
	*NODE_NAME "Bip01 L Foot"
	*NODE_PARENT "Bip01 L HorseLink"
	*NODE_TM {
		*NODE_NAME "Bip01 L Foot"
		*TM_ROW0 1.26414e-007	1.03495e-006	-1
		*TM_ROW1 1.85553e-006	-1	-9.67715e-007
		*TM_ROW2 -1	-1.86717e-006	1.21609e-007
		*TM_ROW3 28.0497	22.638	-25.3888
		*TM_POS 28.0497	22.638	-25.3888
		*TM_ROTAXIS 0.707107	1.02194e-006	-0.707107
		*TM_ROTANGLE 3.14159
		*TM_SCALE 1	1	1
		*TM_SCALEAXIS 0	0	0
		*TM_SCALEAXISANG 0	0	0
	}
}
*HELPEROBJECT {
	*NODE_NAME "Bip01 L Toe0"
	*NODE_PARENT "Bip01 L Foot"
	*NODE_TM {
		*NODE_NAME "Bip01 L Toe0"
		*TM_ROW0 1.81375e-006	-1	9.196e-008
		*TM_ROW1 8.22021e-008	8.27581e-008	1
		*TM_ROW2 -1	-1.73754e-006	1.49844e-007
		*TM_ROW3 28.0497	8.04327	-34.0269
		*TM_POS 28.0497	8.04327	-34.0269
		*TM_ROTAXIS -0.577351	0.57735	0.57735
		*TM_ROTANGLE 2.09439
		*TM_SCALE 1	1	1
		*TM_SCALEAXIS 0	0	0
		*TM_SCALEAXISANG 0	0	0
	}
}
*HELPEROBJECT {
	*NODE_NAME "Bip01 L Toe01"
	*NODE_PARENT "Bip01 L Toe0"
	*NODE_TM {
		*NODE_NAME "Bip01 L Toe01"
		*TM_ROW0 1.81375e-006	-1	9.196e-008
		*TM_ROW1 8.22021e-008	8.27581e-008	1
		*TM_ROW2 -1	-1.73754e-006	1.49844e-007
		*TM_ROW3 28.0497	6.53347	-34.0269
		*TM_POS 28.0497	6.53347	-34.0269
		*TM_ROTAXIS -0.577351	0.57735	0.57735
		*TM_ROTANGLE 2.09439
		*TM_SCALE 1	1	1
		*TM_SCALEAXIS 0	0	0
		*TM_SCALEAXISANG 0	0	0
	}
}
*HELPEROBJECT {
	*NODE_NAME "Bip01 L Toe02"
	*NODE_PARENT "Bip01 L Toe01"
	*NODE_TM {
		*NODE_NAME "Bip01 L Toe02"
		*TM_ROW0 1.81375e-006	-1	9.196e-008
		*TM_ROW1 8.22021e-008	8.27581e-008	1
		*TM_ROW2 -1	-1.73754e-006	1.49844e-007
		*TM_ROW3 28.0497	5.02368	-34.0269
		*TM_POS 28.0497	5.02368	-34.0269
		*TM_ROTAXIS -0.577351	0.57735	0.57735
		*TM_ROTANGLE 2.09439
		*TM_SCALE 1	1	1
		*TM_SCALEAXIS 0	0	0
		*TM_SCALEAXISANG 0	0	0
	}
}
*HELPEROBJECT {
	*NODE_NAME "Bip01 R Thigh"
	*NODE_PARENT "Bip01 Pelvis"
	*NODE_TM {
		*NODE_NAME "Bip01 R Thigh"
		*TM_ROW0 -0.113202	0.0253448	-0.993249
		*TM_ROW1 1.01142e-006	-0.999675	-0.0255089
		*TM_ROW2 -0.993572	-0.00288866	0.113165
		*TM_ROW3 -20.9282	-3.38995e-005	36.558
		*TM_POS -20.9282	-3.38995e-005	36.558
		*TM_ROTAXIS 0.665852	0.009517	-0.746023
		*TM_ROTANGLE 3.12461
		*TM_SCALE 1	1	1
		*TM_SCALEAXIS 0	0	0
		*TM_SCALEAXISANG 0	0	0
	}
}
*HELPEROBJECT {
	*NODE_NAME "Bip01 R Calf"
	*NODE_PARENT "Bip01 R Thigh"
	*NODE_TM {
		*NODE_NAME "Bip01 R Calf"
		*TM_ROW0 0.0457373	0.904202	0.42465
		*TM_ROW1 -0.103552	0.427096	-0.898257
		*TM_ROW2 -0.993572	-0.00288948	0.113166
		*TM_ROW3 -26.1018	1.15828	-8.83542
		*TM_POS -26.1018	1.15828	-8.83542
		*TM_ROTAXIS 0.457595	0.72481	-0.515032
		*TM_ROTANGLE 1.7793
		*TM_SCALE 1	1	1
		*TM_SCALEAXIS 0	0	0
		*TM_SCALEAXISANG 0	0	0
	}
}
*HELPEROBJECT {
	*NODE_NAME "Bip01 R HorseLink"
	*NODE_PARENT "Bip01 R Calf"
	*NODE_TM {
		*NODE_NAME "Bip01 R HorseLink"
		*TM_ROW0 -0.112696	-0.0692073	-0.991216
		*TM_ROW1 0.010696	-0.997598	0.0684369
		*TM_ROW2 -0.993572	-0.00288954	0.113165
		*TM_ROW3 -24.918	24.5611	2.15548
		*TM_POS -24.918	24.5611	2.15548
		*TM_ROTAXIS 0.665772	-0.021987	-0.745831
		*TM_ROTANGLE 3.19518
		*TM_SCALE 1	1	1
		*TM_SCALEAXIS 0	0	0
		*TM_SCALEAXISANG 0	0	0
	}
}
*HELPEROBJECT {
	*NODE_NAME "Bip01 R Foot"
	*NODE_PARENT "Bip01 R HorseLink"
	*NODE_TM {
		*NODE_NAME "Bip01 R Foot"
		*TM_ROW0 1.22457e-007	-1.25412e-006	-1
		*TM_ROW1 4.05298e-006	-1	1.29214e-006
		*TM_ROW2 -1	-4.05058e-006	9.84477e-008
		*TM_ROW3 -28.0497	22.6379	-25.3888
		*TM_POS -28.0497	22.6379	-25.3888
		*TM_ROTAXIS 0.707107	9.89544e-007	-0.707107
		*TM_ROTANGLE 3.1416
		*TM_SCALE 1	1	1
		*TM_SCALEAXIS 0	0	0
		*TM_SCALEAXISANG 0	0	0
	}
}
*HELPEROBJECT {
	*NODE_NAME "Bip01 R Toe0"
	*NODE_PARENT "Bip01 R Foot"
	*NODE_TM {
		*NODE_NAME "Bip01 R Toe0"
		*TM_ROW0 3.53097e-006	-1	1.82911e-006
		*TM_ROW1 -3.24114e-009	1.89162e-006	1
		*TM_ROW2 -1	-3.39825e-006	4.99555e-008
		*TM_ROW3 -28.0496	8.04318	-34.0269
		*TM_POS -28.0496	8.04318	-34.0269
		*TM_ROTAXIS -0.577351	0.57735	0.577349
		*TM_ROTANGLE 2.09439
		*TM_SCALE 1	1	1
		*TM_SCALEAXIS 0	0	0
		*TM_SCALEAXISANG 0	0	0
	}
}
*HELPEROBJECT {
	*NODE_NAME "Bip01 R Toe01"
	*NODE_PARENT "Bip01 R Toe0"
	*NODE_TM {
		*NODE_NAME "Bip01 R Toe01"
		*TM_ROW0 3.53097e-006	-1	1.82911e-006
		*TM_ROW1 -3.24114e-009	1.89162e-006	1
		*TM_ROW2 -1	-3.39825e-006	4.99555e-008
		*TM_ROW3 -28.0496	6.53338	-34.0269
		*TM_POS -28.0496	6.53338	-34.0269
		*TM_ROTAXIS -0.577351	0.57735	0.577349
		*TM_ROTANGLE 2.09439
		*TM_SCALE 1	1	1
		*TM_SCALEAXIS 0	0	0
		*TM_SCALEAXISANG 0	0	0
	}
}
*HELPEROBJECT {
	*NODE_NAME "Bip01 R Toe02"
	*NODE_PARENT "Bip01 R Toe01"
	*NODE_TM {
		*NODE_NAME "Bip01 R Toe02"
		*TM_ROW0 3.53097e-006	-1	1.82911e-006
		*TM_ROW1 -3.24114e-009	1.89162e-006	1
		*TM_ROW2 -1	-3.39825e-006	4.99555e-008
		*TM_ROW3 -28.0496	5.02358	-34.0269
		*TM_POS -28.0496	5.02358	-34.0269
		*TM_ROTAXIS -0.577351	0.57735	0.577349
		*TM_ROTANGLE 2.09439
		*TM_SCALE 1	1	1
		*TM_SCALEAXIS 0	0	0
		*TM_SCALEAXISANG 0	0	0
	}
}
*HELPEROBJECT {
	*NODE_NAME "Bip01 Tail"
	*NODE_PARENT "Bip01 Pelvis"
	*NODE_TM {
		*NODE_NAME "Bip01 Tail"
		*TM_ROW0 -1.37539e-006	0.861458	-0.507829
		*TM_ROW1 -4.35114e-006	0.507829	0.861458
		*TM_ROW2 1	3.39746e-006	3.05025e-006
		*TM_ROW3 -1.3e-005	21.9639	28.0573
		*TM_POS -1.3e-005	21.9639	28.0573
		*TM_ROTAXIS -0.444393	-0.777834	-0.444397
		*TM_ROTANGLE 1.81944
		*TM_SCALE 1	1	1
		*TM_SCALEAXIS 0	0	0
		*TM_SCALEAXISANG 0	0	0
	}
}
*HELPEROBJECT {
	*NODE_NAME "Bip01 Tail1"
	*NODE_PARENT "Bip01 Tail"
	*NODE_TM {
		*NODE_NAME "Bip01 Tail1"
		*TM_ROW0 -1.45826e-006	0.680922	-0.732356
		*TM_ROW1 -3.96371e-006	0.732356	0.680922
		*TM_ROW2 1	3.9041e-006	1.65608e-006
		*TM_ROW3 -5.2e-005	50.2997	11.3242
		*TM_POS -5.2e-005	50.2997	11.3242
		*TM_ROTAXIS -0.343549	-0.87404	-0.343553
		*TM_ROTANGLE 1.70502
		*TM_SCALE 1	1	1
		*TM_SCALEAXIS 0	0	0
		*TM_SCALEAXISANG 0	0	0
	}
}
*HELPEROBJECT {
	*NODE_NAME "Bip01 Tail2"
	*NODE_PARENT "Bip01 Tail1"
	*NODE_TM {
		*NODE_NAME "Bip01 Tail2"
		*TM_ROW0 -1.53345e-006	0.92288	-0.385087
		*TM_ROW1 -4.50015e-006	0.385087	0.92288
		*TM_ROW2 1	3.06964e-006	3.53295e-006
		*TM_ROW3 -8.2e-005	72.7022	-12.8055
		*TM_POS -8.2e-005	72.7022	-12.8055
		*TM_ROTAXIS -0.484927	-0.727796	-0.484931
		*TM_ROTANGLE 1.88331
		*TM_SCALE 1	1	1
		*TM_SCALEAXIS 0	0	0
		*TM_SCALEAXISANG 0	0	0
	}
}
*HELPEROBJECT {
	*NODE_NAME "Bip01 Tail3"
	*NODE_PARENT "Bip01 Tail2"
	*NODE_TM {
		*NODE_NAME "Bip01 Tail3"
		*TM_ROW0 -1.4756e-006	0.9979	-0.0647783
		*TM_ROW1 -1.99676e-006	0.0647783	0.9979
		*TM_ROW2 1	1.60933e-006	1.89206e-006
		*TM_ROW3 -0.000125	103.077	-25.5068
		*TM_POS -0.000125	103.077	-25.5068
		*TM_ROTAXIS -0.564464	-0.602295	-0.564466
		*TM_ROTANGLE 2.05738
		*TM_SCALE 1	1	1
		*TM_SCALEAXIS 0	0	0
		*TM_SCALEAXISANG 0	0	0
	}
}
*HELPEROBJECT {
	*NODE_NAME "Bip01 Tail4"
	*NODE_PARENT "Bip01 Tail3"
	*NODE_TM {
		*NODE_NAME "Bip01 Tail4"
		*TM_ROW0 -2.4324e-006	0.985642	0.16885
		*TM_ROW1 -3.06964e-006	-0.16885	0.985642
		*TM_ROW2 1	1.75834e-006	3.34926e-006
		*TM_ROW3 -0.000172	135.928	-27.6649
		*TM_POS -0.000172	135.928	-27.6649
		*TM_ROTAXIS -0.607334	-0.51214	-0.607337
		*TM_ROTANGLE 2.19497
		*TM_SCALE 1	1	1
		*TM_SCALEAXIS 0	0	0
		*TM_SCALEAXISANG 0	0	0
	}
}
